    0.66657577816416214     
   7.7010991722352706E-003
   1.7969384121878512E-003
  0.32948202322436643     
   5.7437780903396921E-003
  0.33982963360848406     
  0.32663073187547303     
  0.47418447509905215  

    0.66654862401500936     
   3.1557674762208721E-003
   7.1288757820693605E-003
  0.34220390167747244     
   5.0759531477357900E-003
  0.32513321017528107     
  0.33098341133766740     
  0.47250525671754040     

  0.66665441176771290     
   3.0783138251007820E-003
   1.4734586595698818E-003
  0.33106390774857469     
   6.0773683253168009E-004
  0.33404670707005579     
  0.33629333924840066     
  0.47039992822109000     
   
  
