  0.51118219844457002        2.3852670710038955E-004
  0.21234019232237888       -5.7241191506635515E-004
  0.20576000991564708       -5.9061469652625079E-004
   8.7404611006299690E-002   1.4173460641564082E-003
  0.52177620986137396       -2.3347021364776975E-004
  0.21808413881290523        5.6027743697826258E-004
  0.21139785686085491        5.7809434028476252E-004
   8.6462275544777423E-002  -1.3872999482282366E-003
  0.59956290686705505        8.7546057186204729E-002
  0.24614625402323168        3.5809042073070056E-002
  -9.9882811541813776E-003 -0.21677232132894217     
  -3.7194140675018417E-003  -8.8666576476825409E-002
  0.43741592000952179       -8.5690180876394226E-002
  0.17984275996525151       -3.5049931326151230E-002
  0.42343956096930191       0.21217699598012213     
  0.17357389287857189        8.6786946439285889E-002
  0.59277286840705734        9.5515587656950715E-002
  0.28488693094859635        3.9129982483793152E-002
   2.9776396912284286E-002 -0.21355373250698459     
  -9.0080832214330719E-002  -8.7325375546158782E-002
  0.41453610307787786       -9.3490766413737755E-002
  0.21277907618929046       -3.8300471597420366E-002
  0.45762680630135200       0.20902663756096826     
   8.2659043138430199E-002   8.5474177434783860E-002
