  0.13116532839687980     
  0.61584442102695758     
  0.66801538794967286     
  0.69558070356657298     
  0.80009738004450059     
  0.90178931756940517     
  0.90529177762198088     
  0.92118555509345679     
  0.93181360273195368     
  0.93183362387750868     
  0.93251935625065141     
  0.93261531865602121     
  0.93276396122536420     
  0.93339418637421345     
  0.93368969185935191     
  0.93380293859570696     
  0.93393952420742332     
  0.93404814573090833     
  0.93415835553007165     
  0.93416264494616941     
  0.93416487615728228     
  0.93417173821218658     
  0.93417222758918306     
  0.93417226621117666     
  0.93417230976220600     
  0.93417231737118156     
  0.93417233908904207     
