  0.66666103843207825       0.75249999999999995     
  0.66666103843207825       0.75249999999999995     
   1.5428154780512127E-003  0.75249999999999995     
   1.5428154780512127E-003  0.75249999999999995     
   1.3197257121507072E-003  0.75249999999999995     
   1.3197257121507072E-003  0.75249999999999995     
  0.33145158785916962       0.75249999999999995     
  0.33145158785916962       0.75249999999999995     
   2.7257484114800445E-003  0.75249999999999995     
   2.7257484114800445E-003  0.75249999999999995     
  0.33343816762276113       0.75249999999999995     
  0.33343816762276113       0.75249999999999995     
  0.33312532358145686       0.75249999999999995     
  0.33312532358145686       0.75249999999999995     
  0.47279786838246562       0.75249999999999995     
  0.47279786838246562       0.75249999999999995     
  0.66666284643236506       0.75500000000000000     
  0.66666284643236506       0.75500000000000000     
   1.3153246980106836E-003  0.75500000000000000     
   1.3153246980106836E-003  0.75500000000000000     
   1.1954601273557464E-004  0.75500000000000000     
   1.1954601273557464E-004  0.75500000000000000     
  0.33195060978388735       0.75500000000000000     
  0.33195060978388735       0.75500000000000000     
   9.0523548646159746E-004  0.75500000000000000     
   9.0523548646159746E-004  0.75500000000000000     
  0.33307056132118851       0.75500000000000000     
  0.33307056132118851       0.75500000000000000     
  0.33508719445018409       0.75500000000000000     
  0.33508719445018409       0.75500000000000000     
  0.47132516952676740       0.75500000000000000     
  0.47132516952676740       0.75500000000000000     
  0.66666466667046809       0.75749999999999995     
  0.66666466667046809       0.75749999999999995     
   1.3243970209222966E-003  0.75749999999999995     
   1.3243970209222966E-003  0.75749999999999995     
   3.4396151145939247E-004  0.75749999999999995     
   3.4396151145939247E-004  0.75749999999999995     
  0.33257653420734878       0.75749999999999995     
  0.33257653420734878       0.75749999999999995     
   1.5671455297688874E-004  0.75749999999999995     
   1.5671455297688874E-004  0.75749999999999995     
  0.33328887641661281       0.75749999999999995     
  0.33328887641661281       0.75749999999999995     
  0.33467071107116170       0.75749999999999995     
  0.33467071107116170       0.75749999999999995     
  0.47102354327883900       0.75749999999999995     
  0.47102354327883900       0.75749999999999995     
  0.66666151866796453       0.76000000000000001     
  0.66666151866796453       0.76000000000000001     
   2.0224265714972149E-003  0.76000000000000001     
   2.0224265714972149E-003  0.76000000000000001     
   9.1108884414595193E-004  0.76000000000000001     
   9.1108884414595193E-004  0.76000000000000001     
  0.33189607068940080       0.76000000000000001     
  0.33189607068940080       0.76000000000000001     
   3.7156919477134009E-004  0.76000000000000001     
   3.7156919477134009E-004  0.76000000000000001     
  0.33372606810224376       0.76000000000000001     
  0.33372606810224376       0.76000000000000001     
  0.33528762781242022       0.76000000000000001     
  0.33528762781242022       0.76000000000000001     
  0.47075624439931574       0.76000000000000001     
  0.47075624439931574       0.76000000000000001     
  0.66666299825784414       0.76249999999999996     
  0.66666299825784414       0.76249999999999996     
   4.4612174627051832E-005  0.76249999999999996     
   4.4612174627051832E-005  0.76249999999999996     
   1.1957100632117301E-003  0.76249999999999996     
   1.1957100632117301E-003  0.76249999999999996     
  0.33182217356213650       0.76249999999999996     
  0.33182217356213650       0.76249999999999996     
   1.8390448451941141E-003  0.76249999999999996     
   1.8390448451941141E-003  0.76249999999999996     
  0.33273618337839878       0.76249999999999996     
  0.33273618337839878       0.76249999999999996     
  0.33435306125233688       0.76249999999999996     
  0.33435306125233688       0.76249999999999996     
  0.47216978396877685       0.76249999999999996     
  0.47216978396877685       0.76249999999999996     
  0.66666010610120219       0.76500000000000001     
  0.66666010610120219       0.76500000000000001     
   2.4664912304587158E-003  0.76500000000000001     
   2.4664912304587158E-003  0.76500000000000001     
   1.5951692660603478E-003  0.76500000000000001     
   1.5951692660603478E-003  0.76500000000000001     
  0.33469199824937190       0.76500000000000001     
  0.33469199824937190       0.76500000000000001     
   2.6373888810082499E-003  0.76500000000000001     
   2.6373888810082499E-003  0.76500000000000001     
  0.33321061627798509       0.76500000000000001     
  0.33321061627798509       0.76500000000000001     
  0.33445043882546471       0.76500000000000001     
  0.33445043882546471       0.76500000000000001     
  0.46972708943547792       0.76500000000000001     
  0.46972708943547792       0.76500000000000001     
  0.66665589080021559       0.76749999999999996     
  0.66665589080021559       0.76749999999999996     
   2.8530961784494734E-003  0.76749999999999996     
   2.8530961784494734E-003  0.76749999999999996     
   3.3976422230030945E-004  0.76749999999999996     
   3.3976422230030945E-004  0.76749999999999996     
  0.33456844382402906       0.76749999999999996     
  0.33456844382402906       0.76749999999999996     
   1.9857050382410674E-003  0.76749999999999996     
   1.9857050382410674E-003  0.76749999999999996     
  0.33124322982527205       0.76749999999999996     
  0.33124322982527205       0.76749999999999996     
  0.33578368930379981       0.76749999999999996     
  0.33578368930379981       0.76749999999999996     
  0.47026469337225213       0.76749999999999996     
  0.47026469337225213       0.76749999999999996     
  0.66665756136081167       0.77000000000000002     
  0.66665756136081167       0.77000000000000002     
   2.4599746630591252E-003  0.77000000000000002     
   2.4599746630591252E-003  0.77000000000000002     
   3.3354935434410510E-004  0.77000000000000002     
   3.3354935434410510E-004  0.77000000000000002     
  0.33187618826947862       0.77000000000000002     
  0.33187618826947862       0.77000000000000002     
   2.0947533110110550E-003  0.77000000000000002     
   2.0947533110110550E-003  0.77000000000000002     
  0.33527989612575704       0.77000000000000002     
  0.33527989612575704       0.77000000000000002     
  0.33135512215691337       0.77000000000000002     
  0.33135512215691337       0.77000000000000002     
  0.47244732954695029       0.77000000000000002     
  0.47244732954695029       0.77000000000000002     
  0.66666489177525512       0.77249999999999996     
  0.66666489177525512       0.77249999999999996     
   1.0239203818332709E-003  0.77249999999999996     
   1.0239203818332709E-003  0.77249999999999996     
   4.5123415443503595E-004  0.77249999999999996     
   4.5123415443503595E-004  0.77249999999999996     
  0.33311137914891020       0.77249999999999996     
  0.33311137914891020       0.77249999999999996     
   4.0391437329814761E-004  0.77249999999999996     
   4.0391437329814761E-004  0.77249999999999996     
  0.33431475945832706       0.77249999999999996     
  0.33431475945832706       0.77249999999999996     
  0.33223067253645705       0.77249999999999996     
  0.33223067253645705       0.77249999999999996     
  0.47164573773288587       0.77249999999999996     
  0.47164573773288587       0.77249999999999996     
  0.66666542378681037       0.77500000000000002     
  0.66666542378681037       0.77500000000000002     
   6.7118691411989159E-004  0.77500000000000002     
   6.7118691411989159E-004  0.77500000000000002     
   1.2009889638998350E-003  0.77500000000000002     
   1.2009889638998350E-003  0.77500000000000002     
  0.33371236294600937       0.77500000000000002     
  0.33371236294600937       0.77500000000000002     
   2.6535015237495047E-004  0.77500000000000002     
   2.6535015237495047E-004  0.77500000000000002     
  0.33239031591338930       0.77500000000000002     
  0.33239031591338930       0.77500000000000002     
  0.33314085095401652       0.77500000000000002     
  0.33314085095401652       0.77500000000000002     
  0.47193762689919461       0.77500000000000002     
  0.47193762689919461       0.77500000000000002     
  0.66666248790505422       0.77749999999999997     
  0.66666248790505422       0.77749999999999997     
   1.4975912438207339E-004  0.77749999999999997     
   1.4975912438207339E-004  0.77749999999999997     
   1.6987009905709699E-003  0.77749999999999997     
   1.6987009905709699E-003  0.77749999999999997     
  0.33433342866835059       0.77749999999999997     
  0.33433342866835059       0.77749999999999997     
   4.2332916293921774E-004  0.77749999999999997     
   4.2332916293921774E-004  0.77749999999999997     
  0.33132412037449199       0.77749999999999997     
  0.33132412037449199       0.77749999999999997     
  0.33395001751715603       0.77749999999999997     
  0.33395001751715603       0.77749999999999997     
  0.47167878438252336       0.77749999999999997     
  0.47167878438252336       0.77749999999999997     
  0.66665758510178141       0.78000000000000003     
  0.66665758510178141       0.78000000000000003     
   3.0415383882370500E-003  0.78000000000000003     
   3.0415383882370500E-003  0.78000000000000003     
   1.7588253472582208E-003  0.78000000000000003     
   1.7588253472582208E-003  0.78000000000000003     
  0.33188842801920942       0.78000000000000003     
  0.33188842801920942       0.78000000000000003     
   2.4972870210498987E-004  0.78000000000000003     
   2.4972870210498987E-004  0.78000000000000003     
  0.33404696856262839       0.78000000000000003     
  0.33404696856262839       0.78000000000000003     
  0.33584929561296034       0.78000000000000003     
  0.33584929561296034       0.78000000000000003     
  0.47013100974126310       0.78000000000000003     
  0.47013100974126310       0.78000000000000003     
  0.66666287584058215       0.78249999999999997     
  0.66666287584058215       0.78249999999999997     
   7.4306165983280617E-004  0.78249999999999997     
   7.4306165983280617E-004  0.78249999999999997     
   2.2044461020521988E-003  0.78249999999999997     
   2.2044461020521988E-003  0.78249999999999997     
  0.33340331247524208       0.78249999999999997     
  0.33340331247524208       0.78249999999999997     
   1.0476455527481561E-003  0.78249999999999997     
   1.0476455527481561E-003  0.78249999999999997     
  0.33503661041245891       0.78249999999999997     
  0.33503661041245891       0.78249999999999997     
  0.33296924439017883       0.78249999999999997     
  0.33296924439017883       0.78249999999999997     
  0.47040221938161575       0.78249999999999997     
  0.47040221938161575       0.78249999999999997     
  0.66666414924688144       0.78500000000000003     
  0.66666414924688144       0.78500000000000003     
   1.3705449124816194E-003  0.78500000000000003     
   1.3705449124816194E-003  0.78500000000000003     
   1.2196892132725692E-003  0.78500000000000003     
   1.2196892132725692E-003  0.78500000000000003     
  0.33243148967095737       0.78500000000000003     
  0.33243148967095737       0.78500000000000003     
   1.7121289237456150E-003  0.78500000000000003     
   1.7121289237456150E-003  0.78500000000000003     
  0.33312659878063033       0.78500000000000003     
  0.33312659878063033       0.78500000000000003     
  0.33291411829054618       0.78500000000000003     
  0.33291411829054618       0.78500000000000003     
  0.47247935668630969       0.78500000000000003     
  0.47247935668630969       0.78500000000000003     
  0.66665983907266069       0.78749999999999998     
  0.66665983907266069       0.78749999999999998     
   5.1085700136350998E-004  0.78749999999999998     
   5.1085700136350998E-004  0.78749999999999998     
   5.2928247931075673E-004  0.78749999999999998     
   5.2928247931075673E-004  0.78749999999999998     
  0.33087959484819113       0.78749999999999998     
  0.33087959484819113       0.78749999999999998     
   2.3034259904148313E-003  0.78749999999999998     
   2.3034259904148313E-003  0.78749999999999998     
  0.33488734326848346       0.78749999999999998     
  0.33488734326848346       0.78749999999999998     
  0.33343248317983343       0.78749999999999998     
  0.33343248317983343       0.78749999999999998     
  0.47196474060807025       0.78749999999999998     
  0.47196474060807025       0.78749999999999998     
  0.66666227337590100       0.79000000000000004     
  0.66666227337590100       0.79000000000000004     
   1.0793322432699204E-004  0.79000000000000004     
   1.0793322432699204E-004  0.79000000000000004     
   1.0295384107427002E-003  0.79000000000000004     
   1.0295384107427002E-003  0.79000000000000004     
  0.33518068616888691       0.79000000000000004     
  0.33518068616888691       0.79000000000000004     
   1.3660945399588953E-003  0.79000000000000004     
   1.3660945399588953E-003  0.79000000000000004     
  0.33179620999887049       0.79000000000000004     
  0.33179620999887049       0.79000000000000004     
  0.33311045508606829       0.79000000000000004     
  0.33311045508606829       0.79000000000000004     
  0.47133963010730595       0.79000000000000004     
  0.47133963010730595       0.79000000000000004     
  0.66665992064752189       0.79249999999999998     
  0.66665992064752189       0.79249999999999998     
   2.7001443480643983E-003  0.79249999999999998     
   2.7001443480643983E-003  0.79249999999999998     
   2.2735872863475365E-004  0.79249999999999998     
   2.2735872863475365E-004  0.79249999999999998     
  0.33340378051098707       0.79249999999999998     
  0.33340378051098707       0.79249999999999998     
   1.0343458479651346E-003  0.79249999999999998     
   1.0343458479651346E-003  0.79249999999999998     
  0.33225002894281719       0.79249999999999998     
  0.33225002894281719       0.79249999999999998     
  0.33574814637079692       0.79249999999999998     
  0.33574814637079692       0.79249999999999998     
  0.47040527375870794       0.79249999999999998     
  0.47040527375870794       0.79249999999999998     
  0.66665170965597120       0.79500000000000004     
  0.66665170965597120       0.79500000000000004     
   3.7423438921620339E-003  0.79500000000000004     
   3.7423438921620339E-003  0.79500000000000004     
   1.2043145484248730E-003  0.79500000000000004     
   1.2043145484248730E-003  0.79500000000000004     
  0.33532493593682527       0.79500000000000004     
  0.33532493593682527       0.79500000000000004     
   2.3619545838818312E-004  0.79500000000000004     
   2.3619545838818312E-004  0.79500000000000004     
  0.33332068848416152       0.79500000000000004     
  0.33332068848416152       0.79500000000000004     
  0.32969897435421597       0.79500000000000004     
  0.32969897435421597       0.79500000000000004     
  0.47256009469046528       0.79500000000000004     
  0.47256009469046528       0.79500000000000004     
  0.66665046463648170       0.79749999999999999     
  0.66665046463648170       0.79749999999999999     
   1.1537729865536189E-003  0.79749999999999999     
   1.1537729865536189E-003  0.79749999999999999     
   2.4299639498630288E-003  0.79749999999999999     
   2.4299639498630288E-003  0.79749999999999999     
  0.33580521702631838       0.79749999999999999     
  0.33580521702631838       0.79749999999999999     
   1.8904597370991661E-003  0.79749999999999999     
   1.8904597370991661E-003  0.79749999999999999     
  0.32965562756121020       0.79749999999999999     
  0.32965562756121020       0.79749999999999999     
  0.33478041477863490       0.79749999999999999     
  0.33478041477863490       0.79749999999999999     
  0.47122225081627644       0.79749999999999999     
  0.47122225081627644       0.79749999999999999     
  0.66666083277599963       0.80000000000000004     
  0.66666083277599963       0.80000000000000004     
   2.7042830265013853E-004  0.80000000000000004     
   2.7042830265013853E-004  0.80000000000000004     
   2.5119753690845958E-003  0.80000000000000004     
   2.5119753690845958E-003  0.80000000000000004     
  0.33298682190704854       0.80000000000000004     
  0.33298682190704854       0.80000000000000004     
   5.9541504910823849E-004  0.80000000000000004     
   5.9541504910823849E-004  0.80000000000000004     
  0.33568737760687145       0.80000000000000004     
  0.33568737760687145       0.80000000000000004     
  0.33252231475089411       0.80000000000000004     
  0.33252231475089411       0.80000000000000004     
  0.47055204985157317       0.80000000000000004     
  0.47055204985157317       0.80000000000000004     
  0.66665027382780861       0.80249999999999999     
  0.66665027382780861       0.80249999999999999     
   4.4042989208854088E-003  0.80249999999999999     
   4.4042989208854088E-003  0.80249999999999999     
   3.5084919312964591E-003  0.80249999999999999     
   3.5084919312964591E-003  0.80249999999999999     
  0.33367975563471675       0.80249999999999999     
  0.33367975563471675       0.80249999999999999     
   2.2882546670552318E-003  0.80249999999999999     
   2.2882546670552318E-003  0.80249999999999999     
  0.33197425905795236       0.80249999999999999     
  0.33197425905795236       0.80249999999999999     
  0.33070533352251524       0.80249999999999999     
  0.33070533352251524       0.80249999999999999     
  0.47394654489409310       0.80249999999999999     
  0.47394654489409310       0.80249999999999999     
  0.66665831915611629       0.80500000000000005     
  0.66665831915611629       0.80500000000000005     
   2.8838207412093348E-003  0.80500000000000005     
   2.8838207412093348E-003  0.80500000000000005     
   4.7768386032018273E-004  0.80500000000000005     
   4.7768386032018273E-004  0.80500000000000005     
  0.33224821393261261       0.80500000000000005     
  0.33224821393261261       0.80500000000000005     
   9.4835399935641498E-005  0.80500000000000005     
   9.4835399935641498E-005  0.80500000000000005     
  0.33279665110400342       0.80500000000000005     
  0.33279665110400342       0.80500000000000005     
  0.33618286217618565       0.80500000000000005     
  0.33618286217618565       0.80500000000000005     
  0.47052809962569186       0.80500000000000005     
  0.47052809962569186       0.80500000000000005     
  0.66666568660944292       0.80750000000000000     
  0.66666568660944292       0.80750000000000000     
   2.6051340369865630E-004  0.80750000000000000     
   2.6051340369865630E-004  0.80750000000000000     
   1.0529978204831258E-003  0.80750000000000000     
   1.0529978204831258E-003  0.80750000000000000     
  0.33358924029894710       0.80750000000000000     
  0.33358924029894710       0.80750000000000000     
   6.7844973075182951E-004  0.80750000000000000     
   6.7844973075182951E-004  0.80750000000000000     
  0.33411812987262396       0.80750000000000000     
  0.33411812987262396       0.80750000000000000     
  0.33299609613474823       0.80750000000000000     
  0.33299609613474823       0.80750000000000000     
  0.47090559928888731       0.80750000000000000     
  0.47090559928888731       0.80750000000000000     
  0.66666048012544687       0.81000000000000005     
  0.66666048012544687       0.81000000000000005     
   1.6552181867534484E-003  0.81000000000000005     
   1.6552181867534484E-003  0.81000000000000005     
   2.3716706129868204E-003  0.81000000000000005     
   2.3716706129868204E-003  0.81000000000000005     
  0.33201281430894214       0.81000000000000005     
  0.33201281430894214       0.81000000000000005     
   1.0733664146287888E-004  0.81000000000000005     
   1.0733664146287888E-004  0.81000000000000005     
  0.33522785545791839       0.81000000000000005     
  0.33522785545791839       0.81000000000000005     
  0.33422061724938912       0.81000000000000005     
  0.33422061724938912       0.81000000000000005     
  0.47036342047158353       0.81000000000000005     
  0.47036342047158353       0.81000000000000005     
  0.66665567537075610       0.81250000000000000     
  0.66665567537075610       0.81250000000000000     
   9.4889955240947668E-004  0.81250000000000000     
   9.4889955240947668E-004  0.81250000000000000     
   2.1066571249903354E-003  0.81250000000000000     
   2.1066571249903354E-003  0.81250000000000000     
  0.33056381322515982       0.81250000000000000     
  0.33056381322515982       0.81250000000000000     
   1.5787006494140570E-003  0.81250000000000000     
   1.5787006494140570E-003  0.81250000000000000     
  0.33579532737652096       0.81250000000000000     
  0.33579532737652096       0.81250000000000000     
  0.33417822516323048       0.81250000000000000     
  0.33417822516323048       0.81250000000000000     
  0.47101626427762044       0.81250000000000000     
  0.47101626427762044       0.81250000000000000     
  0.66666437503860598       0.81499999999999995     
  0.66666437503860598       0.81499999999999995     
   1.2956090882469355E-003  0.81499999999999995     
   1.2956090882469355E-003  0.81499999999999995     
   5.9156229033904828E-004  0.81499999999999995     
   5.9156229033904828E-004  0.81499999999999995     
  0.33434092101300905       0.81499999999999995     
  0.33434092101300905       0.81499999999999995     
   1.5790930710804030E-003  0.81499999999999995     
   1.5790930710804030E-003  0.81499999999999995     
  0.33294051401752817       0.81499999999999995     
  0.33294051401752817       0.81499999999999995     
  0.33394071827275429       0.81499999999999995     
  0.33394071827275429       0.81499999999999995     
  0.47053630297303994       0.81499999999999995     
  0.47053630297303994       0.81499999999999995     
  0.66666157551666738       0.81750000000000000     
  0.66666157551666738       0.81750000000000000     
   2.5364616995135897E-003  0.81750000000000000     
   2.5364616995135897E-003  0.81750000000000000     
   1.7432686097015593E-003  0.81750000000000000     
   1.7432686097015593E-003  0.81750000000000000     
  0.33349894165738769       0.81750000000000000     
  0.33349894165738769       0.81750000000000000     
   1.5876226440545982E-003  0.81750000000000000     
   1.5876226440545982E-003  0.81750000000000000     
  0.33372056396191158       0.81750000000000000     
  0.33372056396191158       0.81750000000000000     
  0.33484316558345240       0.81750000000000000     
  0.33484316558345240       0.81750000000000000     
  0.46993553837575680       0.81750000000000000     
  0.46993553837575680       0.81750000000000000     
  0.66665365937514842       0.81999999999999995     
  0.66665365937514842       0.81999999999999995     
   4.8233792271924758E-004  0.81999999999999995     
   4.8233792271924758E-004  0.81999999999999995     
   1.1214621387110879E-003  0.81999999999999995     
   1.1214621387110879E-003  0.81999999999999995     
  0.33001564436810749       0.81999999999999995     
  0.33001564436810749       0.81999999999999995     
   3.3363152964654974E-003  0.81999999999999995     
   3.3363152964654974E-003  0.81999999999999995     
  0.33317743718526582       0.81999999999999995     
  0.33317743718526582       0.81999999999999995     
  0.33541203311657075       0.81999999999999995     
  0.33541203311657075       0.81999999999999995     
  0.47237853368021798       0.81999999999999995     
  0.47237853368021798       0.81999999999999995     
  0.66666233114882212       0.82250000000000001     
  0.66666233114882212       0.82250000000000001     
   1.8107069493745707E-003  0.82250000000000001     
   1.8107069493745707E-003  0.82250000000000001     
   2.2463052935082772E-003  0.82250000000000001     
   2.2463052935082772E-003  0.82250000000000001     
  0.33358883151430191       0.82250000000000001     
  0.33358883151430191       0.82250000000000001     
   1.5980712633228075E-003  0.82250000000000001     
   1.5980712633228075E-003  0.82250000000000001     
  0.33450789221313698       0.82250000000000001     
  0.33450789221313698       0.82250000000000001     
  0.33389114321974001       0.82250000000000001     
  0.33389114321974001       0.82250000000000001     
  0.46998945516609902       0.82250000000000001     
  0.46998945516609902       0.82250000000000001     
  0.66666451768862711       0.82499999999999996     
  0.66666451768862711       0.82499999999999996     
   1.0059926433551719E-003  0.82499999999999996     
   1.0059926433551719E-003  0.82499999999999996     
   1.6419990802957821E-003  0.82499999999999996     
   1.6419990802957821E-003  0.82499999999999996     
  0.33304824140598249       0.82499999999999996     
  0.33304824140598249       0.82499999999999996     
   1.1501040374816696E-003  0.82499999999999996     
   1.1501040374816696E-003  0.82499999999999996     
  0.33235284841269519       0.82499999999999996     
  0.33235284841269519       0.82499999999999996     
  0.33325115037776948       0.82499999999999996     
  0.33325115037776948       0.82499999999999996     
  0.47235312834498711       0.82499999999999996     
  0.47235312834498711       0.82499999999999996     
  0.66665974781378290       0.82750000000000001     
  0.66665974781378290       0.82750000000000001     
   2.3142287485265756E-004  0.82750000000000001     
   2.3142287485265756E-004  0.82750000000000001     
   1.5373713697731106E-003  0.82750000000000001     
   1.5373713697731106E-003  0.82750000000000001     
  0.33129664954259735       0.82750000000000001     
  0.33129664954259735       0.82750000000000001     
   1.4840364329337385E-003  0.82750000000000001     
   1.4840364329337385E-003  0.82750000000000001     
  0.33556468280021573       0.82750000000000001     
  0.33556468280021573       0.82750000000000001     
  0.33308602660485781       0.82750000000000001     
  0.33308602660485781       0.82750000000000001     
  0.47143684397447971       0.82750000000000001     
  0.47143684397447971       0.82750000000000001     
  0.66665945569403495       0.82999999999999996     
  0.66665945569403495       0.82999999999999996     
   2.6384628889579743E-003  0.82999999999999996     
   2.6384628889579743E-003  0.82999999999999996     
   5.9557847041458167E-004  0.82999999999999996     
   5.9557847041458167E-004  0.82999999999999996     
  0.33453562158472389       0.82999999999999996     
  0.33453562158472389       0.82999999999999996     
   5.5723724778487804E-005  0.82999999999999996     
   5.5723724778487804E-005  0.82999999999999996     
  0.33362528091492721       0.82999999999999996     
  0.33362528091492721       0.82999999999999996     
  0.33072052079369657       0.82999999999999996     
  0.33072052079369657       0.82999999999999996     
  0.47218835424365035       0.82999999999999996     
  0.47218835424365035       0.82999999999999996     
  0.66666332963474595       0.83250000000000002     
  0.66666332963474595       0.83250000000000002     
   1.9076726886717299E-004  0.83250000000000002     
   1.9076726886717299E-004  0.83250000000000002     
   5.1634930852476751E-004  0.83250000000000002     
   5.1634930852476751E-004  0.83250000000000002     
  0.33509817320095842       0.83250000000000002     
  0.33509817320095842       0.83250000000000002     
   1.4319557314378117E-003  0.83250000000000002     
   1.4319557314378117E-003  0.83250000000000002     
  0.33234932148151730       0.83250000000000002     
  0.33234932148151730       0.83250000000000002     
  0.33281344198478441       0.83250000000000002     
  0.33281344198478441       0.83250000000000002     
  0.47121754124848880       0.83250000000000002     
  0.47121754124848880       0.83250000000000002     
  0.66666495566085715       0.83499999999999996     
  0.66666495566085715       0.83499999999999996     
   1.2939167183410316E-003  0.83499999999999996     
   1.2939167183410316E-003  0.83499999999999996     
   2.9043406013874729E-005  0.83499999999999996     
   2.9043406013874729E-005  0.83499999999999996     
  0.33308437728334073       0.83499999999999996     
  0.33308437728334073       0.83499999999999996     
   2.0434839367636237E-004  0.83499999999999996     
   2.0434839367636237E-004  0.83499999999999996     
  0.33283501507881297       0.83499999999999996     
  0.33283501507881297       0.83499999999999996     
  0.33462180762308691       0.83499999999999996     
  0.33462180762308691       0.83499999999999996     
  0.47102014859801744       0.83499999999999996     
  0.47102014859801744       0.83499999999999996     
  0.66666178520985619       0.83750000000000002     
  0.66666178520985619       0.83750000000000002     
   5.8193903846016914E-004  0.83750000000000002     
   5.8193903846016914E-004  0.83750000000000002     
   6.5774306456996973E-004  0.83750000000000002     
   6.5774306456996973E-004  0.83750000000000002     
  0.33121406459243097       0.83750000000000002     
  0.33121406459243097       0.83750000000000002     
   1.5782978839907758E-003  0.83750000000000002     
   1.5782978839907758E-003  0.83750000000000002     
  0.33438981802407103       0.83750000000000002     
  0.33438981802407103       0.83750000000000002     
  0.33428363014213180       0.83750000000000002     
  0.33428363014213180       0.83750000000000002     
  0.47148055482505247       0.83750000000000002     
  0.47148055482505247       0.83750000000000002     
  0.66666167857972636       0.83999999999999997     
  0.66666167857972636       0.83999999999999997     
   1.5740739575012541E-003  0.83999999999999997     
   1.5740739575012541E-003  0.83999999999999997     
   2.0748143756034454E-003  0.83999999999999997     
   2.0748143756034454E-003  0.83999999999999997     
  0.33212276207777058       0.83999999999999997     
  0.33212276207777058       0.83999999999999997     
   8.3565276169639963E-005  0.83999999999999997     
   8.3565276169639963E-005  0.83999999999999997     
  0.33495039130751858       0.83999999999999997     
  0.33495039130751858       0.83999999999999997     
  0.33424607006933382       0.83999999999999997     
  0.33424607006933382       0.83999999999999997     
  0.47046535662693045       0.83999999999999997     
  0.47046535662693045       0.83999999999999997     
  0.66665925158687467       0.84250000000000003     
  0.66665925158687467       0.84250000000000003     
   1.3327853041350708E-004  0.84250000000000003     
   1.3327853041350708E-004  0.84250000000000003     
   5.5277499937586572E-004  0.84250000000000003     
   5.5277499937586572E-004  0.84250000000000003     
  0.33065503746253488       0.84250000000000003     
  0.33065503746253488       0.84250000000000003     
   2.2885626908985199E-003  0.84250000000000003     
   2.2885626908985199E-003  0.84250000000000003     
  0.33468711407618390       0.84250000000000003     
  0.33468711407618390       0.84250000000000003     
  0.33410094507667698       0.84250000000000003     
  0.33410094507667698       0.84250000000000003     
  0.47179252421534301       0.84250000000000003     
  0.47179252421534301       0.84250000000000003     
  0.66665786510795688       0.84499999999999997     
  0.66665786510795688       0.84499999999999997     
   2.7274818241217608E-003  0.84499999999999997     
   2.7274818241217608E-003  0.84499999999999997     
   2.6626105970262715E-003  0.84499999999999997     
   2.6626105970262715E-003  0.84499999999999997     
  0.33209479121794755       0.84499999999999997     
  0.33209479121794755       0.84499999999999997     
   2.9571162363754566E-003  0.84499999999999997     
   2.9571162363754566E-003  0.84499999999999997     
  0.33250958990789636       0.84499999999999997     
  0.33250958990789636       0.84499999999999997     
  0.33241835442867135       0.84499999999999997     
  0.33241835442867135       0.84499999999999997     
  0.47348964266247173       0.84499999999999997     
  0.47348964266247173       0.84499999999999997     
  0.66666400141432836       0.84750000000000003     
  0.66666400141432836       0.84750000000000003     
   1.5306014837698501E-003  0.84750000000000003     
   1.5306014837698501E-003  0.84750000000000003     
   3.7509053365550327E-004  0.84750000000000003     
   3.7509053365550327E-004  0.84750000000000003     
  0.33246946848181125       0.84750000000000003     
  0.33246946848181125       0.84750000000000003     
   1.7848156286515496E-004  0.84750000000000003     
   1.7848156286515496E-004  0.84750000000000003     
  0.33325783327752129       0.84750000000000003     
  0.33325783327752129       0.84750000000000003     
  0.33488563715163400       0.84750000000000003     
  0.33488563715163400       0.84750000000000003     
  0.47096861588478789       0.84750000000000003     
  0.47096861588478789       0.84750000000000003     
  0.66665924573826607       0.84999999999999998     
  0.66665924573826607       0.84999999999999998     
   2.2078211747557364E-004  0.84999999999999998     
   2.2078211747557364E-004  0.84999999999999998     
   2.5765353528755183E-003  0.84999999999999998     
   2.5765353528755183E-003  0.84999999999999998     
  0.33446562259323326       0.84999999999999998     
  0.33446562259323326       0.84999999999999998     
   1.3128948190116452E-004  0.84999999999999998     
   1.3128948190116452E-004  0.84999999999999998     
  0.33062519066089802       0.84999999999999998     
  0.33062519066089802       0.84999999999999998     
  0.33397373331459901       0.84999999999999998     
  0.33397373331459901       0.84999999999999998     
  0.47205930318001549       0.84999999999999998     
  0.47205930318001549       0.84999999999999998     
  0.66666029638501967       0.85250000000000004     
  0.66666029638501967       0.85250000000000004     
   2.6000725914996914E-003  0.85250000000000004     
   2.6000725914996914E-003  0.85250000000000004     
   1.4405276581240106E-003  0.85250000000000004     
   1.4405276581240106E-003  0.85250000000000004     
  0.33445632082158988       0.85250000000000004     
  0.33445632082158988       0.85250000000000004     
   2.4071710630459431E-003  0.85250000000000004     
   2.4071710630459431E-003  0.85250000000000004     
  0.33308063823191569       0.85250000000000004     
  0.33308063823191569       0.85250000000000004     
  0.33472882247831071       0.85250000000000004     
  0.33472882247831071       0.85250000000000004     
  0.46978958764240686       0.85250000000000004     
  0.46978958764240686       0.85250000000000004     
  0.66666263680009430       0.85499999999999998     
  0.66666263680009430       0.85499999999999998     
   1.4108881758626429E-003  0.85499999999999998     
   1.4108881758626429E-003  0.85499999999999998     
   1.9681756615658880E-004  0.85499999999999998     
   1.9681756615658880E-004  0.85499999999999998     
  0.33483671996861752       0.85499999999999998     
  0.33483671996861752       0.85499999999999998     
   8.8352540161876214E-004  0.85499999999999998     
   8.8352540161876214E-004  0.85499999999999998     
  0.33332079306902668       0.85499999999999998     
  0.33332079306902668       0.85499999999999998     
  0.33159216881014897       0.85499999999999998     
  0.33159216881014897       0.85499999999999998     
  0.47157855792097447       0.85499999999999998     
  0.47157855792097447       0.85499999999999998     
  0.66666222668226693       0.85750000000000004     
  0.66666222668226693       0.85750000000000004     
   2.4164376358875861E-003  0.85750000000000004     
   2.4164376358875861E-003  0.85750000000000004     
   1.4071604284441180E-003  0.85750000000000004     
   1.4071604284441180E-003  0.85750000000000004     
  0.33342623550834188       0.85750000000000004     
  0.33342623550834188       0.85750000000000004     
   1.3652580081526533E-003  0.85750000000000004     
   1.3652580081526533E-003  0.85750000000000004     
  0.33348591865054222       0.85750000000000004     
  0.33348591865054222       0.85750000000000004     
  0.33491386767161779       0.85750000000000004     
  0.33491386767161779       0.85750000000000004     
  0.47010482362512435       0.85750000000000004     
  0.47010482362512435       0.85750000000000004     
  0.66666178189695169       0.85999999999999999     
  0.66666178189695169       0.85999999999999999     
   2.4039786941588287E-003  0.85999999999999999     
   2.4039786941588287E-003  0.85999999999999999     
   1.2808473491667180E-003  0.85999999999999999     
   1.2808473491667180E-003  0.85999999999999999     
  0.33406043366540161       0.85999999999999999     
  0.33406043366540161       0.85999999999999999     
   1.9150641648836564E-003  0.85999999999999999     
   1.9150641648836564E-003  0.85999999999999999     
  0.33315775671001946       0.85999999999999999     
  0.33315775671001946       0.85999999999999999     
  0.33475133119831957       0.85999999999999999     
  0.33475133119831957       0.85999999999999999     
  0.47000215698595882       0.85999999999999999     
  0.47000215698595882       0.85999999999999999     
  0.66666471987793974       0.86250000000000004     
  0.66666471987793974       0.86250000000000004     
   3.8146666781698271E-004  0.86250000000000004     
   3.8146666781698271E-004  0.86250000000000004     
   6.5312371791462209E-004  0.86250000000000004     
   6.5312371791462209E-004  0.86250000000000004     
  0.33438762675786604       0.86250000000000004     
  0.33438762675786604       0.86250000000000004     
   9.0280911203296371E-004  0.86250000000000004     
   9.0280911203296371E-004  0.86250000000000004     
  0.33218404340196028       0.86250000000000004     
  0.33218404340196028       0.86250000000000004     
  0.33365413543440625       0.86250000000000004     
  0.33365413543440625       0.86250000000000004     
  0.47124337927421822       0.86250000000000004     
  0.47124337927421822       0.86250000000000004     
  0.66666561527086587       0.86499999999999999     
  0.66666561527086587       0.86499999999999999     
   1.6369653943178186E-004  0.86499999999999999     
   1.6369653943178186E-004  0.86499999999999999     
   6.8787887983984275E-004  0.86499999999999999     
   6.8787887983984275E-004  0.86499999999999999     
  0.33267946838097412       0.86499999999999999     
  0.33267946838097412       0.86499999999999999     
   4.4228374072760590E-004  0.86499999999999999     
   4.4228374072760590E-004  0.86499999999999999     
  0.33427589741769992       0.86499999999999999     
  0.33427589741769992       0.86499999999999999     
  0.33307512647748483       0.86499999999999999     
  0.33307512647748483       0.86499999999999999     
  0.47138220349901672       0.86499999999999999     
  0.47138220349901672       0.86499999999999999     
  0.66665867796096412       0.86750000000000005     
  0.66665867796096412       0.86750000000000005     
   6.0993693951075234E-004  0.86750000000000005     
   6.0993693951075234E-004  0.86750000000000005     
   1.3721391291924567E-003  0.86750000000000005     
   1.3721391291924567E-003  0.86750000000000005     
  0.33589035866635419       0.86750000000000005     
  0.33589035866635419       0.86750000000000005     
   1.7599547365301782E-003  0.86750000000000005     
   1.7599547365301782E-003  0.86750000000000005     
  0.33147629629345865       0.86750000000000005     
  0.33147629629345865       0.86750000000000005     
  0.33256672300482581       0.86750000000000005     
  0.33256672300482581       0.86750000000000005     
  0.47144599444022500       0.86750000000000005     
  0.47144599444022500       0.86750000000000005     
  0.66665652514220852       0.87000000000000000     
  0.66665652514220852       0.87000000000000000     
   1.2694701142560022E-003  0.87000000000000000     
   1.2694701142560022E-003  0.87000000000000000     
   3.2676987036723212E-003  0.87000000000000000     
   3.2676987036723212E-003  0.87000000000000000     
  0.33191818509431903       0.87000000000000000     
  0.33191818509431903       0.87000000000000000     
   2.8487051875593639E-003  0.87000000000000000     
   2.8487051875593639E-003  0.87000000000000000     
  0.33132348020981933       0.87000000000000000     
  0.33132348020981933       0.87000000000000000     
  0.33413151596681800       0.87000000000000000     
  0.33413151596681800       0.87000000000000000     
  0.47324395079227544       0.87000000000000000     
  0.47324395079227544       0.87000000000000000     
  0.66666090417596147       0.87250000000000005     
  0.66666090417596147       0.87250000000000005     
   7.0174034329361507E-005  0.87250000000000005     
   7.0174034329361507E-005  0.87250000000000005     
   2.3446427532690800E-003  0.87250000000000005     
   2.3446427532690800E-003  0.87250000000000005     
  0.33397291556437936       0.87250000000000005     
  0.33397291556437936       0.87250000000000005     
   1.4001873616804258E-003  0.87250000000000005     
   1.4001873616804258E-003  0.87250000000000005     
  0.33530106317748642       0.87250000000000005     
  0.33530106317748642       0.87250000000000005     
  0.33207523689706098       0.87250000000000005     
  0.33207523689706098       0.87250000000000005     
  0.47044347789014940       0.87250000000000005     
  0.47044347789014940       0.87250000000000005     
  0.66665893857550496       0.87500000000000000     
  0.66665893857550496       0.87500000000000000     
   6.4039925894994465E-004  0.87500000000000000     
   6.4039925894994465E-004  0.87500000000000000     
   1.8773840116022428E-003  0.87500000000000000     
   1.8773840116022428E-003  0.87500000000000000     
  0.33493543429789530       0.87500000000000000     
  0.33493543429789530       0.87500000000000000     
   1.9131309384300133E-003  0.87500000000000000     
   1.9131309384300133E-003  0.87500000000000000     
  0.33488533947764265       0.87500000000000000     
  0.33488533947764265       0.87500000000000000     
  0.33129892216867568       0.87500000000000000     
  0.33129892216867568       0.87500000000000000     
  0.47060526706943195       0.87500000000000000     
  0.47060526706943195       0.87500000000000000     
  0.66665924532157483       0.87749999999999995     
  0.66665924532157483       0.87749999999999995     
   1.5814101038701817E-003  0.87749999999999995     
   1.5814101038701817E-003  0.87749999999999995     
   7.8428497163390842E-004  0.87749999999999995     
   7.8428497163390842E-004  0.87749999999999995     
  0.33507693525023358       0.87749999999999995     
  0.33507693525023358       0.87749999999999995     
   1.9017585226856482E-003  0.87749999999999995     
   1.9017585226856482E-003  0.87749999999999995     
  0.33125615815790543       0.87749999999999995     
  0.33125615815790543       0.87749999999999995     
  0.33462809455986220       0.87749999999999995     
  0.33462809455986220       0.87749999999999995     
  0.47071809563846723       0.87749999999999995     
  0.47071809563846723       0.87749999999999995     
  0.66666088935339440       0.88000000000000000     
  0.66666088935339440       0.88000000000000000     
   2.7407232778334650E-003  0.88000000000000000     
   2.7407232778334650E-003  0.88000000000000000     
   1.4612860187171034E-003  0.88000000000000000     
   1.4612860187171034E-003  0.88000000000000000     
  0.33297918630379952       0.88000000000000000     
  0.33297918630379952       0.88000000000000000     
   1.0712419628721923E-003  0.88000000000000000     
   1.0712419628721923E-003  0.88000000000000000     
  0.33353581533374405       0.88000000000000000     
  0.33353581533374405       0.88000000000000000     
  0.33534235856230682       0.88000000000000000     
  0.33534235856230682       0.88000000000000000     
  0.47008153778020767       0.88000000000000000     
  0.47008153778020767       0.88000000000000000     
  0.66666244259257801       0.88249999999999995     
  0.66666244259257801       0.88249999999999995     
   1.0465098881289533E-003  0.88249999999999995     
   1.0465098881289533E-003  0.88249999999999995     
   2.6500275275158358E-004  0.88249999999999995     
   2.6500275275158358E-004  0.88249999999999995     
  0.33166708253618715       0.88249999999999995     
  0.33166708253618715       0.88249999999999995     
   1.8324968130412206E-003  0.88249999999999995     
   1.8324968130412206E-003  0.88249999999999995     
  0.33462605477515062       0.88249999999999995     
  0.33462605477515062       0.88249999999999995     
  0.33278513752039962       0.88249999999999995     
  0.33278513752039962       0.88249999999999995     
  0.47205193608239859       0.88249999999999995     
  0.47205193608239859       0.88249999999999995     
  0.66666294945487548       0.88500000000000001     
  0.66666294945487548       0.88500000000000001     
   8.6155524680214118E-004  0.88500000000000001     
   8.6155524680214118E-004  0.88500000000000001     
   1.3433498387076248E-003  0.88500000000000001     
   1.3433498387076248E-003  0.88500000000000001     
  0.33329985817942132       0.88500000000000001     
  0.33329985817942132       0.88500000000000001     
   2.0067423426509134E-004  0.88500000000000001     
   2.0067423426509134E-004  0.88500000000000001     
  0.33167322371828184       0.88500000000000001     
