 (  4.4724521647381265E-309, -6.2168195725350712E-310)   6.9052498807089039E-310
 (  4.4724521647381265E-309, -6.2168195725350712E-310)   6.9052498807089039E-310
 ( -7.1627146052308111E-310, -4.5298113079175600E-309)   6.9052498807089039E-310
 ( -7.1627146052308111E-310, -4.5298113079175600E-309)   6.9052498807089039E-310
 ( -1.7193023907167877E-309,  9.4942573057687946E-310)   6.9052498807089039E-310
 ( -1.7193023907167877E-309,  9.4942573057687946E-310)   6.9052498807089039E-310
 (  1.2049061467179990E-309,  1.7547458493258470E-309)   6.9052498807089039E-310
 (  1.2049061467179990E-309,  1.7547458493258470E-309)   6.9052498807089039E-310
 ( -4.2214615925860520E-309,  2.7684480635415186E-309)   6.9052498807089039E-310
 ( -4.2214615925860520E-309,  2.7684480635415186E-309)   6.9052498807089039E-310
 (  2.9431350162695637E-309,  4.2693515325817492E-309)   6.9052498807089039E-310
 (  2.9431350162695637E-309,  4.2693515325817492E-309)   6.9052498807089039E-310
 (  1.2376618603791054E-309, -1.8908570363843507E-309)   6.9052498807089039E-310
 (  1.2376618603791054E-309, -1.8908570363843507E-309)   6.9052498807089039E-310
 ( -1.9713164726780611E-309, -1.2291653663744466E-309)   6.9052498807089039E-310
 ( -1.9713164726780611E-309, -1.2291653663744466E-309)   6.9052498807089039E-310
