  0.70684221750216092        0.0000000000000000     
  0.70684511033176189        1.0000000000000000E-004
  0.70684800374924894        2.0000000000000001E-004
  0.70685089775038135        2.9999999999999997E-004
  0.70685379233091761        4.0000000000000002E-004
  0.70685668748661701        5.0000000000000001E-004
  0.70685958321323850        5.9999999999999995E-004
  0.70686247950654080        6.9999999999999999E-004
  0.70686537636228308        8.0000000000000004E-004
  0.70686827377622419        8.9999999999999998E-004
  0.70687117174412328        1.0000000000000000E-003
  0.70687407026173898        1.1000000000000001E-003
  0.70687696932483057        1.1999999999999999E-003
  0.70687986892915666        1.2999999999999999E-003
  0.70688276907047654        1.4000000000000000E-003
  0.70688566974454903        1.5000000000000000E-003
  0.70688857094713298        1.6000000000000001E-003
  0.70689147267398755        1.6999999999999999E-003
  0.70689437492087148        1.8000000000000000E-003
  0.70689727768354405        1.9000000000000000E-003
  0.70690018095776375        2.0000000000000000E-003
  0.70690308473928998        2.0999999999999999E-003
  0.70690598902388146        2.2000000000000001E-003
  0.70690889380729727        2.3000000000000000E-003
  0.70691179908529611        2.3999999999999998E-003
  0.70691470485363728        2.5000000000000001E-003
  0.70691761110807949        2.5999999999999999E-003
  0.70692051784438192        2.7000000000000001E-003
  0.70692342505830330        2.8000000000000000E-003
  0.70692633274560268        2.8999999999999998E-003
  0.70692924090203890        3.0000000000000001E-003
  0.70693214952337124        3.0999999999999999E-003
  0.70693505860535810        3.2000000000000002E-003
  0.70693796814375898        3.3000000000000000E-003
  0.70694087813433271        3.3999999999999998E-003
  0.70694378857283824        3.5000000000000001E-003
  0.70694669945503441        3.5999999999999999E-003
  0.70694961077667995        3.7000000000000002E-003
  0.70695252253353424        3.8000000000000000E-003
  0.70695543472135625        3.8999999999999998E-003
  0.70695834733590468        4.0000000000000001E-003
  0.70696126037293838        4.1000000000000003E-003
  0.70696417382821675        4.1999999999999997E-003
  0.70696708769749850        4.3000000000000000E-003
  0.70697000197654269        4.4000000000000003E-003
  0.70697291666110784        4.4999999999999997E-003
  0.70697583174695333        4.5999999999999999E-003
  0.70697874722983822        4.7000000000000002E-003
  0.70698166310552113        4.7999999999999996E-003
  0.70698457936976111        4.8999999999999998E-003
  0.70698749601831734        5.0000000000000001E-003
  0.70699041304694843        5.1000000000000004E-003
  0.70699333045141366        5.1999999999999998E-003
  0.70699624822747187        5.3000000000000000E-003
  0.70699916637088167        5.4000000000000003E-003
  0.70700208487740268        5.4999999999999997E-003
  0.70700500374279329        5.5999999999999999E-003
  0.70700792296281278        5.7000000000000002E-003
  0.70701084253321989        5.7999999999999996E-003
  0.70701376244977387        5.8999999999999999E-003
  0.70701668270823326        6.0000000000000001E-003
  0.70701960330435742        6.1000000000000004E-003
  0.70702252423390488        6.1999999999999998E-003
  0.70702544549263513        6.3000000000000000E-003
  0.70702836707630679        6.4000000000000003E-003
  0.70703128898067868        6.4999999999999997E-003
  0.70703421120151000        6.6000000000000000E-003
  0.70703713373455990        6.7000000000000002E-003
  0.70704005657558688        6.7999999999999996E-003
  0.70704297972035013        6.8999999999999999E-003
  0.70704590316460858        7.0000000000000001E-003
  0.70704882690412119        7.1000000000000004E-003
  0.70705175093464689        7.1999999999999998E-003
  0.70705467525194476        7.3000000000000001E-003
  0.70705759985177374        7.4000000000000003E-003
  0.70706052472989245        7.4999999999999997E-003
  0.70706344988206027        7.6000000000000000E-003
  0.70706637530403604        7.7000000000000002E-003
  0.70706930099157850        7.7999999999999996E-003
  0.70707222694044669        7.9000000000000008E-003
  0.70707515314639979        8.0000000000000002E-003
  0.70707807960519653        8.0999999999999996E-003
  0.70708100631259607        8.2000000000000007E-003
  0.70708393326435715        8.3000000000000001E-003
  0.70708686045623870        8.3999999999999995E-003
  0.70708978788400001        8.5000000000000006E-003
  0.70709271554339970        8.6000000000000000E-003
  0.70709564343019693        8.6999999999999994E-003
  0.70709857154015054        8.8000000000000005E-003
  0.70710149986901949        8.8999999999999999E-003
  0.70710442841256282        8.9999999999999993E-003
  0.70710735716653939        9.1000000000000004E-003
  0.70711028612670812        9.1999999999999998E-003
  0.70711321528882798        9.2999999999999992E-003
  0.70711614464865824        9.4000000000000004E-003
  0.70711907420195774        9.4999999999999998E-003
  0.70712200394448477        9.5999999999999992E-003
  0.70712493387199915        9.7000000000000003E-003
  0.70712786398025962        9.7999999999999997E-003
  0.70713079426502490        9.9000000000000008E-003
  0.70713372472205371        1.0000000000000000E-002
