 -0.14823124510931596       0.69209661936677591      -0.14498550337620686       0.67694214313495416        2.1044956175357503E-002  -9.8259601158619009E-002   2.0584145821376892E-002  -9.6108062271362218E-002
 -0.48735019694831172       0.78671548963417270       -5.2639713969561144E-002   8.4974785296246205E-002  0.19135585672560748      -0.30890028866494829        2.0668746268106324E-002  -3.3364966182956778E-002
 -0.23397759818055949       0.16216558584382806       0.69641185060915434      -0.48267029245879889       0.11735308081464650       -8.1335269909897076E-002 -0.34929017487283531       0.24208661973714019     
  0.40972834800284247       0.56055096845430730       0.29999918457632785       0.41043006731034493       0.24252079414189831       0.33179365472072658       0.17757141003304028       0.24293614622712681     
 -0.47628317493674788       0.33334171307756544       0.56113176578119983      -0.39272565967207451       0.23287183383028728      -0.16298265423046093      -0.27435733654721045       0.19201758401856378     
  0.53873995010012732       0.27579195345063023       0.31811784743420618       0.16285100548990927       0.54522080343107804       0.27910963427203161       0.32194469396896874       0.16481004617583164     
  0.56772238405208386       0.34253534476170394       0.47599903515593828       0.28719405504085177       0.32891561508500550       0.19845126205260588       0.27577477976246428       0.16638873491000578     
 -0.52742321605699460       0.32034364249567837       0.37621390874479677      -0.22850289903018131       0.45386149835658468      -0.27566409885981075      -0.32374192702781845       0.19663273245342783     
  0.54138888097258009       0.37714970719663549       0.42135995896142747       0.29353352226444668       0.35522409879140804       0.24746105721213291       0.27646894302662728       0.19259756632633315     
  0.54101190113109399       0.41234858007931779       0.35307232798117144       0.26910475130760048       0.38847693631051938       0.29608944414402205       0.25352576529903847       0.19323232837580273     
 -0.54915784540280499       0.40438109780170123       0.39636273702146663      -0.29186799399517233       0.35319424686083706      -0.26008019092956552      -0.25492313286230595       0.18771669600075544     
  0.54259484541993452       0.38793257236795281       0.39806541819757113       0.28460008965362588       0.36849811266476051       0.26346070547010081       0.27034233104331740       0.19328343567365885     
