  0.66665033355346115        0.0000000000000000     
  0.66665067937289457        1.0000000000000000E-004
  0.66665100521430620        2.0000000000000001E-004
  0.66665131107486264        2.9999999999999997E-004
  0.66665159695172993        4.0000000000000002E-004
  0.66665186284207478        5.0000000000000001E-004
  0.66665210874306358        5.9999999999999995E-004
  0.66665233465186247        6.9999999999999999E-004
  0.66665254056563805        8.0000000000000004E-004
  0.66665272648155671        8.9999999999999998E-004
  0.66665289239678471        1.0000000000000000E-003
  0.66665303830848854        1.1000000000000001E-003
  0.66665316421383447        1.1999999999999999E-003
  0.66665327010998920        1.2999999999999999E-003
  0.66665335599411879        1.4000000000000000E-003
  0.66665342186338983        1.5000000000000000E-003
  0.66665346771496858        1.6000000000000001E-003
  0.66665349354602155        1.6999999999999999E-003
  0.66665349935371510        1.8000000000000000E-003
  0.66665348513521561        1.9000000000000000E-003
  0.66665345088768935        2.0000000000000000E-003
  0.66665339660830303        2.0999999999999999E-003
  0.66665332229422269        2.2000000000000001E-003
  0.66665322794261495        2.3000000000000000E-003
  0.66665311355064616        2.3999999999999998E-003
  0.66665297911548260        2.5000000000000001E-003
  0.66665282463429065        2.5999999999999999E-003
  0.66665265010423702        2.7000000000000001E-003
  0.66665245552248775        2.8000000000000000E-003
  0.66665224088620934        2.8999999999999998E-003
  0.66665200619256837        3.0000000000000001E-003
  0.66665175143873090        3.0999999999999999E-003
  0.66665147662186364        3.2000000000000002E-003
  0.66665118173913274        3.3000000000000000E-003
  0.66665086678770469        3.3999999999999998E-003
  0.66665053176474598        3.5000000000000001E-003
  0.66665017666742277        3.5999999999999999E-003
  0.66664980149290165        3.7000000000000002E-003
  0.66664940623834901        3.8000000000000000E-003
  0.66664899090093110        3.8999999999999998E-003
  0.66664855547781443        4.0000000000000001E-003
  0.66664809996616536        4.1000000000000003E-003
  0.66664762436315028        4.1999999999999997E-003
  0.66664712866593556        4.3000000000000000E-003
  0.66664661287168769        4.4000000000000003E-003
  0.66664607697757305        4.4999999999999997E-003
  0.66664552098075780        4.5999999999999999E-003
  0.66664494487840864        4.7000000000000002E-003
  0.66664434866769184        4.7999999999999996E-003
  0.66664373234577368        4.8999999999999998E-003
  0.66664309590982085        5.0000000000000001E-003
  0.66664243935699941        5.1000000000000004E-003
  0.66664176268447584        5.1999999999999998E-003
  0.66664106588941663        5.3000000000000000E-003
  0.66664034896898827        5.4000000000000003E-003
  0.66663961192035692        5.4999999999999997E-003
  0.66663885474068907        5.5999999999999999E-003
  0.66663807742715109        5.7000000000000002E-003
  0.66663727997690936        5.7999999999999996E-003
  0.66663646238713037        5.8999999999999999E-003
  0.66663562465498039        6.0000000000000001E-003
  0.66663476677762601        6.1000000000000004E-003
  0.66663388875223351        6.1999999999999998E-003
  0.66663299057596903        6.3000000000000000E-003
  0.66663207224599930        6.4000000000000003E-003
  0.66663113375949068        6.4999999999999997E-003
  0.66663017511360934        6.6000000000000000E-003
  0.66662919630552198        6.7000000000000002E-003
  0.66662819733239476        6.7999999999999996E-003
  0.66662717819139417        6.8999999999999999E-003
  0.66662613887968647        7.0000000000000001E-003
  0.66662507939443838        7.1000000000000004E-003
  0.66662399973281583        7.1999999999999998E-003
  0.66662289989198564        7.3000000000000001E-003
  0.66662177986911397        7.4000000000000003E-003
  0.66662063966136720        7.4999999999999997E-003
  0.66661947926591181        7.6000000000000000E-003
  0.66661829867991418        7.7000000000000002E-003
  0.66661709790054080        7.7999999999999996E-003
  0.66661587692495772        7.9000000000000008E-003
  0.66661463575033175        8.0000000000000002E-003
  0.66661337437382917        8.0999999999999996E-003
  0.66661209279261613        8.2000000000000007E-003
  0.66661079100385934        8.3000000000000001E-003
  0.66660946900472484        8.3999999999999995E-003
  0.66660812679237946        8.5000000000000006E-003
  0.66660676436398925        8.6000000000000000E-003
  0.66660538171672090        8.6999999999999994E-003
  0.66660397884774047        8.8000000000000005E-003
  0.66660255575421445        8.8999999999999999E-003
  0.66660111243330944        8.9999999999999993E-003
  0.66659964888219148        9.1000000000000004E-003
  0.66659816509802727        9.1999999999999998E-003
  0.66659666107798332        9.2999999999999992E-003
  0.66659513681922555        9.4000000000000004E-003
  0.66659359231892068        9.4999999999999998E-003
  0.66659202757423497        9.5999999999999992E-003
  0.66659044258233491        9.7000000000000003E-003
  0.66658883734038676        9.7999999999999997E-003
  0.66658721184555725        9.9000000000000008E-003
  0.66658556609501229        1.0000000000000000E-002
  0.66658390008591872        1.0100000000000000E-002
  0.66658221381544247        1.0200000000000001E-002
  0.66658050728075047        1.0300000000000000E-002
  0.66657878047900876        1.0400000000000000E-002
  0.66657703340738372        1.0500000000000001E-002
  0.66657526606304196        1.0600000000000000E-002
  0.66657347844314951        1.0699999999999999E-002
  0.66657167054487310        1.0800000000000001E-002
  0.66656984236537908        1.0900000000000000E-002
  0.66656799390183363        1.0999999999999999E-002
  0.66656612515140345        1.1100000000000000E-002
  0.66656423611125470        1.1200000000000000E-002
  0.66656232677855398        1.1299999999999999E-002
  0.66656039715046744        1.1400000000000000E-002
  0.66655844722416169        1.1500000000000000E-002
  0.66655647699680287        1.1599999999999999E-002
  0.66655448646555759        1.1700000000000000E-002
  0.66655247562759212        1.1800000000000000E-002
  0.66655044448007295        1.1900000000000001E-002
  0.66654839302016633        1.2000000000000000E-002
  0.66654632124503910        1.2100000000000000E-002
  0.66654422915185696        1.2200000000000001E-002
  0.66654211673778674        1.2300000000000000E-002
  0.66653998399999470        1.2400000000000000E-002
  0.66653783093564734        1.2500000000000001E-002
  0.66653565754191102        1.2600000000000000E-002
  0.66653346381595202        1.2699999999999999E-002
  0.66653124975493694        1.2800000000000001E-002
  0.66652901535603193        1.2900000000000000E-002
  0.66652676061640359        1.2999999999999999E-002
  0.66652448553321819        1.3100000000000001E-002
  0.66652219010364200        1.3200000000000000E-002
  0.66651987432484183        1.3299999999999999E-002
  0.66651753819398363        1.3400000000000000E-002
  0.66651518170823398        1.3500000000000000E-002
  0.66651280486475928        1.3599999999999999E-002
  0.66651040766072622        1.3700000000000000E-002
  0.66650799009330053        1.3800000000000000E-002
  0.66650555215964913        1.3899999999999999E-002
  0.66650309385693807        1.4000000000000000E-002
  0.66650061518233406        1.4100000000000000E-002
  0.66649811613300325        1.4200000000000001E-002
  0.66649559670611225        1.4300000000000000E-002
  0.66649305689882732        1.4400000000000000E-002
  0.66649049670831473        1.4500000000000001E-002
  0.66648791613174108        1.4600000000000000E-002
  0.66648531516627263        1.4700000000000000E-002
  0.66648269380907599        1.4800000000000001E-002
  0.66648005205731742        1.4900000000000000E-002
  0.66647738990816319        1.4999999999999999E-002
  0.66647470735877978        1.5100000000000001E-002
  0.66647200440633358        1.5200000000000000E-002
  0.66646928104799108        1.5299999999999999E-002
  0.66646653728091843        1.5400000000000000E-002
  0.66646377310228233        1.5500000000000000E-002
  0.66646098850924906        1.5599999999999999E-002
  0.66645818349898489        1.5699999999999999E-002
  0.66645535806865630        1.5800000000000002E-002
  0.66645251221542989        1.5900000000000001E-002
  0.66644964593647149        1.6000000000000000E-002
  0.66644675922894814        1.6100000000000000E-002
  0.66644385209002599        1.6199999999999999E-002
  0.66644092451687120        1.6299999999999999E-002
  0.66643797650665038        1.6400000000000001E-002
  0.66643500805653000        1.6500000000000001E-002
  0.66643201916367623        1.6600000000000000E-002
  0.66642900982525566        1.6700000000000000E-002
  0.66642598003843445        1.6799999999999999E-002
  0.66642292980037932        1.6899999999999998E-002
  0.66641985910825663        1.7000000000000001E-002
  0.66641676795923233        1.7100000000000001E-002
  0.66641365635047334        1.7200000000000000E-002
  0.66641052427914571        1.7299999999999999E-002
  0.66640737174241604        1.7399999999999999E-002
  0.66640419873745049        1.7500000000000002E-002
  0.66640100526141577        1.7600000000000001E-002
  0.66639779131147792        1.7700000000000000E-002
  0.66639455688480365        1.7800000000000000E-002
  0.66639130197855911        1.7899999999999999E-002
  0.66638802658991092        1.7999999999999999E-002
  0.66638473071602544        1.8100000000000002E-002
  0.66638141435406872        1.8200000000000001E-002
  0.66637807750120759        1.8300000000000000E-002
  0.66637472015460830        1.8400000000000000E-002
  0.66637134231143724        1.8499999999999999E-002
  0.66636794396886057        1.8599999999999998E-002
  0.66636452512404498        1.8700000000000001E-002
  0.66636108577415676        1.8800000000000001E-002
  0.66635762591636227        1.8900000000000000E-002
  0.66635414554782813        1.9000000000000000E-002
  0.66635064466572036        1.9099999999999999E-002
  0.66634712326720558        1.9199999999999998E-002
  0.66634358134945004        1.9300000000000001E-002
  0.66634001890962036        1.9400000000000001E-002
  0.66633643594488279        1.9500000000000000E-002
  0.66633283245240371        1.9599999999999999E-002
  0.66632920842934962        1.9699999999999999E-002
  0.66632556387288677        1.9800000000000002E-002
  0.66632189878018155        1.9900000000000001E-002
  0.66631821314840056        2.0000000000000000E-002
  0.66631450697470995        2.0100000000000000E-002
  0.66631078025627632        2.0199999999999999E-002
  0.66630703299026606        2.0299999999999999E-002
  0.66630326517384519        2.0400000000000001E-002
  0.66629947680418034        2.0500000000000001E-002
  0.66629566787843819        2.0600000000000000E-002
  0.66629183839378481        2.0700000000000000E-002
  0.66628798834738656        2.0799999999999999E-002
  0.66628411773641005        2.0899999999999998E-002
  0.66628022655802166        2.1000000000000001E-002
  0.66627631480938743        2.1100000000000001E-002
  0.66627238248767418        2.1200000000000000E-002
  0.66626842959004806        2.1299999999999999E-002
  0.66626445611367568        2.1399999999999999E-002
  0.66626046205572309        2.1499999999999998E-002
  0.66625644741335699        2.1600000000000001E-002
  0.66625241218374365        2.1700000000000001E-002
  0.66624835636404944        2.1800000000000000E-002
  0.66624427995144087        2.1899999999999999E-002
  0.66624018294308418        2.1999999999999999E-002
  0.66623606533614599        2.2100000000000002E-002
  0.66623192712779233        2.2200000000000001E-002
  0.66622776831518993        2.2300000000000000E-002
  0.66622358889550504        2.2400000000000000E-002
  0.66621938886590404        2.2499999999999999E-002
  0.66621516822355331        2.2599999999999999E-002
  0.66621092696561934        2.2700000000000001E-002
  0.66620666508926840        2.2800000000000001E-002
  0.66620238259166709        2.2900000000000000E-002
  0.66619807946998155        2.3000000000000000E-002
  0.66619375572137840        2.3099999999999999E-002
  0.66618941134302379        2.3199999999999998E-002
  0.66618504633208420        2.3300000000000001E-002
  0.66618066068572612        2.3400000000000001E-002
  0.66617625440111605        2.3500000000000000E-002
  0.66617182747542003        2.3599999999999999E-002
  0.66616737990580466        2.3699999999999999E-002
  0.66616291168943642        2.3800000000000002E-002
  0.66615842282348148        2.3900000000000001E-002
  0.66615391330510643        2.4000000000000000E-002
  0.66614938313147753        2.4100000000000000E-002
  0.66614483229976129        2.4199999999999999E-002
  0.66614026080712396        2.4299999999999999E-002
  0.66613566865073204        2.4400000000000002E-002
  0.66613105582775201        2.4500000000000001E-002
  0.66612642233535002        2.4600000000000000E-002
  0.66612176817069280        2.4700000000000000E-002
  0.66611709333094637        2.4799999999999999E-002
  0.66611239781327725        2.4899999999999999E-002
  0.66610768161485190        2.5000000000000001E-002
  0.66610294473283682        2.5100000000000001E-002
  0.66609818716439817        2.5200000000000000E-002
  0.66609340890670243        2.5300000000000000E-002
  0.66608860995691599        2.5399999999999999E-002
  0.66608379031220522        2.5499999999999998E-002
  0.66607894996973660        2.5600000000000001E-002
  0.66607408892667652        2.5700000000000001E-002
  0.66606920718019136        2.5800000000000000E-002
  0.66606430472744738        2.5899999999999999E-002
  0.66605938156561117        2.5999999999999999E-002
  0.66605443769184891        2.6100000000000002E-002
  0.66604947310332718        2.6200000000000001E-002
  0.66604448779721226        2.6300000000000000E-002
  0.66603948177067052        2.6400000000000000E-002
  0.66603445502086855        2.6499999999999999E-002
  0.66602940754497275        2.6599999999999999E-002
  0.66602433934014915        2.6700000000000002E-002
  0.66601925040356447        2.6800000000000001E-002
  0.66601414073238496        2.6900000000000000E-002
  0.66600901032377702        2.7000000000000000E-002
  0.66600385917490712        2.7099999999999999E-002
  0.66599868728294154        2.7199999999999998E-002
  0.66599349464504687        2.7300000000000001E-002
  0.66598828125838927        2.7400000000000001E-002
  0.66598304712013523        2.7500000000000000E-002
  0.66597779222745124        2.7600000000000000E-002
  0.66597251657750345        2.7699999999999999E-002
  0.66596722016745857        2.7799999999999998E-002
  0.66596190299448277        2.7900000000000001E-002
  0.66595656505574252        2.8000000000000001E-002
  0.66595120634840421        2.8100000000000000E-002
  0.66594582686963422        2.8199999999999999E-002
  0.66594042661659891        2.8299999999999999E-002
  0.66593500558646479        2.8400000000000002E-002
  0.66592956377639800        2.8500000000000001E-002
  0.66592410118356526        2.8600000000000000E-002
  0.66591861780513262        2.8700000000000000E-002
  0.66591311363826677        2.8799999999999999E-002
  0.66590758868013400        2.8899999999999999E-002
  0.66590204292790078        2.9000000000000001E-002
  0.66589647637873328        2.9100000000000001E-002
  0.66589088902979809        2.9200000000000000E-002
  0.66588528087826160        2.9300000000000000E-002
  0.66587965192129006        2.9399999999999999E-002
  0.66587400215604986        2.9499999999999998E-002
  0.66586833157970760        2.9600000000000001E-002
  0.66586264018942964        2.9700000000000001E-002
  0.66585692798238227        2.9800000000000000E-002
  0.66585119495573175        2.9899999999999999E-002
  0.66584544110664479        2.9999999999999999E-002
  0.66583966643228754        3.0099999999999998E-002
  0.66583387092982638        3.0200000000000001E-002
  0.66582805459642791        3.0300000000000001E-002
  0.66582221742925840        3.0400000000000000E-002
  0.66581635942548423        3.0499999999999999E-002
  0.66581048058227177        3.0599999999999999E-002
  0.66580458089678751        3.0700000000000002E-002
  0.66579866036619784        3.0800000000000001E-002
  0.66579271898766890        3.0900000000000000E-002
  0.66578675675836752        3.1000000000000000E-002
  0.66578077367545974        3.1099999999999999E-002
  0.66577476973611205        3.1199999999999999E-002
  0.66576874493749094        3.1300000000000001E-002
  0.66576269927676279        3.1399999999999997E-002
  0.66575663275109376        3.1500000000000000E-002
  0.66575054535765044        3.1600000000000003E-002
  0.66574443709359932        3.1699999999999999E-002
  0.66573830795610656        3.1800000000000002E-002
  0.66573215794233875        3.1899999999999998E-002
  0.66572598704946206        3.2000000000000001E-002
  0.66571979527464298        3.2099999999999997E-002
  0.66571358261504820        3.2199999999999999E-002
  0.66570734906784379        3.2300000000000002E-002
  0.66570109463019600        3.2399999999999998E-002
  0.66569481929927155        3.2500000000000001E-002
  0.66568852307223669        3.2599999999999997E-002
  0.66568220594625782        3.2700000000000000E-002
  0.66567586791850153        3.2800000000000003E-002
  0.66566950898613375        3.2899999999999999E-002
  0.66566312914632131        3.3000000000000002E-002
  0.66565672839623036        3.3099999999999997E-002
  0.66565030673302761        3.3200000000000000E-002
  0.66564386415387899        3.3300000000000003E-002
  0.66563740065595123        3.3399999999999999E-002
  0.66563091623641057        3.3500000000000002E-002
  0.66562441089242352        3.3599999999999998E-002
  0.66561788462115623        3.3700000000000001E-002
  0.66561133741977552        3.3799999999999997E-002
  0.66560476928544754        3.3900000000000000E-002
  0.66559818021533845        3.4000000000000002E-002
  0.66559157020661497        3.4099999999999998E-002
  0.66558493925644346        3.4200000000000001E-002
  0.66557828736199010        3.4299999999999997E-002
  0.66557161452042157        3.4400000000000000E-002
  0.66556492072890405        3.4500000000000003E-002
  0.66555820598460391        3.4599999999999999E-002
  0.66555147028468786        3.4700000000000002E-002
  0.66554471362632195        3.4799999999999998E-002
  0.66553793600667266        3.4900000000000000E-002
  0.66553113742290648        3.5000000000000003E-002
  0.66552431787218969        3.5099999999999999E-002
  0.66551747735168876        3.5200000000000002E-002
  0.66551061585856996        3.5299999999999998E-002
  0.66550373338999991        3.5400000000000001E-002
  0.66549682994314474        3.5499999999999997E-002
  0.66548990551517107        3.5600000000000000E-002
  0.66548296010324526        3.5700000000000003E-002
  0.66547599370453348        3.5799999999999998E-002
  0.66546900631620232        3.5900000000000001E-002
  0.66546199793541827        3.5999999999999997E-002
  0.66545496855934738        3.6100000000000000E-002
  0.66544791818515636        3.6200000000000003E-002
  0.66544084681001159        3.6299999999999999E-002
  0.66543375443107933        3.6400000000000002E-002
  0.66542664104552585        3.6499999999999998E-002
  0.66541950665051786        3.6600000000000001E-002
  0.66541235124322162        3.6700000000000003E-002
  0.66540517482080330        3.6799999999999999E-002
  0.66539797738042972        3.6900000000000002E-002
  0.66539075891926691        3.6999999999999998E-002
  0.66538351943448137        3.7100000000000001E-002
  0.66537625892323948        3.7199999999999997E-002
  0.66536897738270784        3.7300000000000000E-002
  0.66536167481005259        3.7400000000000003E-002
  0.66535435120244024        3.7499999999999999E-002
  0.66534700655703727        3.7600000000000001E-002
  0.66533964087100983        3.7699999999999997E-002
  0.66533225414152442        3.7800000000000000E-002
  0.66532484636574751        3.7900000000000003E-002
  0.66531741754084539        3.7999999999999999E-002
  0.66530996766398454        3.8100000000000002E-002
  0.66530249673233122        3.8199999999999998E-002
  0.66529500474305203        3.8300000000000001E-002
  0.66528749169331314        3.8399999999999997E-002
  0.66527995758028102        3.8500000000000000E-002
  0.66527240240112229        3.8600000000000002E-002
  0.66526482615300320        3.8699999999999998E-002
  0.66525722883309002        3.8800000000000001E-002
  0.66524961043854902        3.8899999999999997E-002
  0.66524197096654691        3.9000000000000000E-002
  0.66523431041424996        3.9100000000000003E-002
  0.66522662877882455        3.9199999999999999E-002
  0.66521892605743704        3.9300000000000002E-002
  0.66521120224725383        3.9399999999999998E-002
  0.66520345734544151        3.9500000000000000E-002
  0.66519569134916623        3.9600000000000003E-002
  0.66518790425559438        3.9699999999999999E-002
  0.66518009606189255        3.9800000000000002E-002
  0.66517226676522712        3.9899999999999998E-002
  0.66516441636276424        4.0000000000000001E-002
  0.66515654485167053        4.0099999999999997E-002
  0.66514865222911224        4.0200000000000000E-002
  0.66514073849225586        4.0300000000000002E-002
  0.66513280363826777        4.0399999999999998E-002
  0.66512484766431423        4.0500000000000001E-002
  0.66511687056756175        4.0599999999999997E-002
  0.66510887234517679        4.0700000000000000E-002
  0.66510085299432564        4.0800000000000003E-002
  0.66509281251217467        4.0899999999999999E-002
  0.66508475089589059        4.1000000000000002E-002
  0.66507666814263933        4.1099999999999998E-002
  0.66506856424958749        4.1200000000000001E-002
  0.66506043921390146        4.1300000000000003E-002
  0.66505229303274760        4.1399999999999999E-002
  0.66504412570329241        4.1500000000000002E-002
  0.66503593722270216        4.1599999999999998E-002
  0.66502772758814321        4.1700000000000001E-002
  0.66501949679678196        4.1799999999999997E-002
  0.66501124484578522        4.1900000000000000E-002
  0.66500297173231893        4.2000000000000003E-002
  0.66499467745354934        4.2099999999999999E-002
  0.66498636200664329        4.2200000000000001E-002
  0.66497802538876694        4.2299999999999997E-002
  0.66496966759708676        4.2400000000000000E-002
  0.66496128862876902        4.2500000000000003E-002
  0.66495288848098022        4.2599999999999999E-002
  0.66494446715088673        4.2700000000000002E-002
  0.66493602463565482        4.2799999999999998E-002
  0.66492756093245120        4.2900000000000001E-002
  0.66491907603844214        4.2999999999999997E-002
  0.66491056995079378        4.3099999999999999E-002
  0.66490204266667274        4.3200000000000002E-002
  0.66489349418324539        4.3299999999999998E-002
  0.66488492449767800        4.3400000000000001E-002
  0.66487633360713727        4.3499999999999997E-002
  0.66486772150878926        4.3600000000000000E-002
  0.66485908819980033        4.3700000000000003E-002
  0.66485043367733720        4.3799999999999999E-002
  0.66484175793856604        4.3900000000000002E-002
  0.66483306098065331        4.3999999999999997E-002
  0.66482434280076541        4.4100000000000000E-002
  0.66481560339606882        4.4200000000000003E-002
  0.66480684276372970        4.4299999999999999E-002
  0.66479806090091453        4.4400000000000002E-002
  0.66478925780478981        4.4499999999999998E-002
  0.66478043347252180        4.4600000000000001E-002
  0.66477158790127699        4.4699999999999997E-002
  0.66476272108822188        4.4800000000000000E-002
  0.66475383303052260        4.4900000000000002E-002
  0.66474492372534566        4.4999999999999998E-002
  0.66473599316985754        4.5100000000000001E-002
  0.66472704136122440        4.5199999999999997E-002
  0.66471806829661284        4.5300000000000000E-002
  0.66470907397318924        4.5400000000000003E-002
  0.66470005838811996        4.5499999999999999E-002
  0.66469102153857140        4.5600000000000002E-002
  0.66468196342170982        4.5699999999999998E-002
  0.66467288403470193        4.5800000000000000E-002
  0.66466378337471377        4.5900000000000003E-002
  0.66465466143891194        4.5999999999999999E-002
  0.66464551822446272        4.6100000000000002E-002
  0.66463635372853258        4.6199999999999998E-002
  0.66462716794828802        4.6300000000000001E-002
  0.66461796088089531        4.6399999999999997E-002
  0.66460873252352060        4.6500000000000000E-002
  0.66459948287333070        4.6600000000000003E-002
  0.66459021192749190        4.6699999999999998E-002
  0.66458091968317035        4.6800000000000001E-002
  0.66457160613753263        4.6899999999999997E-002
  0.66456227128774537        4.7000000000000000E-002
  0.66455291513097436        4.7100000000000003E-002
  0.66454353766438667        4.7199999999999999E-002
  0.66453413888514823        4.7300000000000002E-002
  0.66452471879042552        4.7399999999999998E-002
  0.66451527737738503        4.7500000000000001E-002
  0.66450581464319303        4.7600000000000003E-002
  0.66449633058501600        4.7699999999999999E-002
  0.66448682520002045        4.7800000000000002E-002
  0.66447729848537251        4.7899999999999998E-002
  0.66446775043823869        4.8000000000000001E-002
  0.66445818105578547        4.8099999999999997E-002
  0.66444859033517922        4.8200000000000000E-002
  0.66443897827358622        4.8300000000000003E-002
  0.66442934486817307        4.8399999999999999E-002
  0.66441969011610591        4.8500000000000001E-002
  0.66441001401455124        4.8599999999999997E-002
  0.66440031656067544        4.8700000000000000E-002
  0.66439059775164500        4.8800000000000003E-002
  0.66438085758462606        4.8899999999999999E-002
  0.66437109605678524        4.9000000000000002E-002
  0.66436131316528901        4.9099999999999998E-002
  0.66435150890730355        4.9200000000000001E-002
  0.66434168327999532        4.9299999999999997E-002
  0.66433183628053083        4.9399999999999999E-002
  0.66432196790607634        4.9500000000000002E-002
  0.66431207815379811        4.9599999999999998E-002
  0.66430216702086298        4.9700000000000001E-002
  0.66429223450443686        4.9799999999999997E-002
  0.66428228060168637        4.9900000000000000E-002
  0.66427230530977799        5.0000000000000003E-002
  0.66426230862587787        5.0099999999999999E-002
  0.66425229054715251        5.0200000000000002E-002
  0.66424225107076851        5.0299999999999997E-002
  0.66423219019389190        5.0400000000000000E-002
  0.66422210791368941        5.0500000000000003E-002
  0.66421200422732718        5.0599999999999999E-002
  0.66420187913197171        5.0700000000000002E-002
  0.66419173262478948        5.0799999999999998E-002
  0.66418156470294654        5.0900000000000001E-002
  0.66417137536360971        5.0999999999999997E-002
  0.66416116460394525        5.1100000000000000E-002
  0.66415093242111933        5.1200000000000002E-002
  0.66414067881229866        5.1299999999999998E-002
  0.66413040377464949        5.1400000000000001E-002
  0.66412010730533821        5.1499999999999997E-002
  0.66410978940153109        5.1600000000000000E-002
  0.66409945006039472        5.1700000000000003E-002
  0.66408908927909549        5.1799999999999999E-002
  0.66407870705479977        5.1900000000000002E-002
  0.66406830338467382        5.1999999999999998E-002
  0.66405787826588414        5.2100000000000000E-002
  0.66404743169559699        5.2200000000000003E-002
  0.66403696367097897        5.2299999999999999E-002
  0.66402647418919636        5.2400000000000002E-002
  0.66401596324741552        5.2499999999999998E-002
  0.66400543084280317        5.2600000000000001E-002
  0.66399487697252502        5.2699999999999997E-002
  0.66398430163374811        5.2800000000000000E-002
  0.66397370482363860        5.2900000000000003E-002
  0.66396308653936287        5.2999999999999999E-002
  0.66395244677808740        5.3100000000000001E-002
  0.66394178553697825        5.3199999999999997E-002
  0.66393110281320233        5.3300000000000000E-002
  0.66392039860392571        5.3400000000000003E-002
  0.66390967290631464        5.3499999999999999E-002
  0.66389892571753584        5.3600000000000002E-002
  0.66388815703475557        5.3699999999999998E-002
  0.66387736685514021        5.3800000000000001E-002
  0.66386655517585635        5.3900000000000003E-002
  0.66385572199407006        5.3999999999999999E-002
  0.66384486730694792        5.4100000000000002E-002
  0.66383399111165642        5.4199999999999998E-002
  0.66382309340536172        5.4300000000000001E-002
  0.66381217418523020        5.4399999999999997E-002
  0.66380123344842845        5.4500000000000000E-002
  0.66379027119212275        5.4600000000000003E-002
  0.66377928741347958        5.4699999999999999E-002
  0.66376828210966510        5.4800000000000001E-002
  0.66375725527784613        5.4899999999999997E-002
  0.66374620691518871        5.5000000000000000E-002
  0.66373513701885922        5.5100000000000003E-002
  0.66372404558602427        5.5199999999999999E-002
  0.66371293261385012        5.5300000000000002E-002
  0.66370179809950325        5.5399999999999998E-002
  0.66369064204015005        5.5500000000000001E-002
  0.66367946443295667        5.5599999999999997E-002
  0.66366826527508982        5.5700000000000000E-002
  0.66365704456371577        5.5800000000000002E-002
  0.66364580229600079        5.5899999999999998E-002
  0.66363453846911136        5.6000000000000001E-002
  0.66362325308021408        5.6099999999999997E-002
  0.66361194612647501        5.6200000000000000E-002
  0.66360061760506084        5.6300000000000003E-002
  0.66358926751313774        5.6399999999999999E-002
  0.66357789584787219        5.6500000000000002E-002
  0.66356650260643057        5.6599999999999998E-002
  0.66355508778597927        5.6700000000000000E-002
  0.66354365138368476        5.6800000000000003E-002
  0.66353219339671332        5.6899999999999999E-002
  0.66352071382223143        5.7000000000000002E-002
  0.66350921265740537        5.7099999999999998E-002
  0.66349768989940161        5.7200000000000001E-002
  0.66348614554538654        5.7299999999999997E-002
  0.66347457959252676        5.7400000000000000E-002
  0.66346299203798820        5.7500000000000002E-002
  0.66345138287893757        5.7599999999999998E-002
  0.66343975211254125        5.7700000000000001E-002
  0.66342809973596562        5.7799999999999997E-002
  0.66341642574637683        5.7900000000000000E-002
  0.66340473014094170        5.8000000000000003E-002
  0.66339301291682640        5.8099999999999999E-002
  0.66338127407119707        5.8200000000000002E-002
  0.66336951360122065        5.8299999999999998E-002
  0.66335773150406308        5.8400000000000001E-002
  0.66334592777689094        5.8500000000000003E-002
  0.66333410241687074        5.8599999999999999E-002
  0.66332225542116863        5.8700000000000002E-002
  0.66331038678695098        5.8799999999999998E-002
  0.66329849651138439        5.8900000000000001E-002
  0.66328658459163525        5.8999999999999997E-002
  0.66327465102486982        5.9100000000000000E-002
  0.66326269580825459        5.9200000000000003E-002
  0.66325071893895582        5.9299999999999999E-002
  0.66323872041414011        5.9400000000000001E-002
  0.66322670023097363        5.9499999999999997E-002
  0.66321465838662286        5.9600000000000000E-002
  0.66320259487825428        5.9700000000000003E-002
  0.66319050970303417        5.9799999999999999E-002
  0.66317840285812901        5.9900000000000002E-002
  0.66316627434070519        5.9999999999999998E-002
  0.66315412414792896        6.0100000000000001E-002
  0.66314195227696693        6.0199999999999997E-002
  0.66312975872498525        6.0299999999999999E-002
  0.66311754348915042        6.0400000000000002E-002
  0.66310530656662903        6.0499999999999998E-002
  0.66309304795458712        6.0600000000000001E-002
  0.66308076765019142        6.0699999999999997E-002
  0.66306846565060817        6.0800000000000000E-002
  0.66305614195300355        6.0900000000000003E-002
  0.66304379655454426        6.0999999999999999E-002
  0.66303142945239668        6.1100000000000002E-002
  0.66301904064372708        6.1199999999999997E-002
  0.66300663012570182        6.1300000000000000E-002
  0.66299419789548741        6.1400000000000003E-002
  0.66298174395025022        6.1499999999999999E-002
  0.66296926828715663        6.1600000000000002E-002
  0.66295677090337279        6.1699999999999998E-002
  0.66294425179606575        6.1800000000000001E-002
  0.66293171096240122        6.1899999999999997E-002
  0.66291914839954580        6.2000000000000000E-002
  0.66290656410466609        6.2100000000000002E-002
  0.66289395807492812        6.2199999999999998E-002
  0.66288133030749863        6.2300000000000001E-002
  0.66286868079954386        6.2399999999999997E-002
  0.66285600954823021        6.2500000000000000E-002
  0.66284331655072415        6.2600000000000003E-002
  0.66283060180419184        6.2700000000000006E-002
  0.66281786530579989        6.2799999999999995E-002
  0.66280510705271478        6.2899999999999998E-002
  0.66279232704210267        6.3000000000000000E-002
  0.66277952527113004        6.3100000000000003E-002
  0.66276670173696317        6.3200000000000006E-002
  0.66275385643676887        6.3299999999999995E-002
  0.66274098936771297        6.3399999999999998E-002
  0.66272810052696229        6.3500000000000001E-002
  0.66271518991168299        6.3600000000000004E-002
  0.66270225751904144        6.3700000000000007E-002
  0.66268930334620424        6.3799999999999996E-002
  0.66267632739033755        6.3899999999999998E-002
  0.66266332964860797        6.4000000000000001E-002
  0.66265031011818176        6.4100000000000004E-002
  0.66263726879622542        6.4199999999999993E-002
  0.66262420567990521        6.4299999999999996E-002
  0.66261112076638762        6.4399999999999999E-002
  0.66259801405283902        6.4500000000000002E-002
  0.66258488553642592        6.4600000000000005E-002
  0.66257173521431434        6.4699999999999994E-002
  0.66255856308367100        6.4799999999999996E-002
  0.66254536914166240        6.4899999999999999E-002
  0.66253215338545468        6.5000000000000002E-002
  0.66251891581221423        6.5100000000000005E-002
  0.66250565641910764        6.5199999999999994E-002
  0.66249237520330095        6.5299999999999997E-002
  0.66247907216196089        6.5400000000000000E-002
  0.66246574729225383        6.5500000000000003E-002
  0.66245240059134602        6.5600000000000006E-002
  0.66243903205640386        6.5699999999999995E-002
  0.66242564168459384        6.5799999999999997E-002
  0.66241222947308243        6.5900000000000000E-002
  0.66239879541903579        6.6000000000000003E-002
  0.66238533951962053        6.6100000000000006E-002
  0.66237186177200280        6.6199999999999995E-002
  0.66235836217334909        6.6299999999999998E-002
  0.66234484072082578        6.6400000000000001E-002
  0.66233129741159957        6.6500000000000004E-002
  0.66231773224283641        6.6600000000000006E-002
  0.66230414521170289        6.6699999999999995E-002
  0.66229053631536550        6.6799999999999998E-002
  0.66227690555099050        6.6900000000000001E-002
  0.66226325291574428        6.7000000000000004E-002
  0.66224957840679333        6.7100000000000007E-002
  0.66223588202130390        6.7199999999999996E-002
  0.66222216375644249        6.7299999999999999E-002
  0.66220842360937548        6.7400000000000002E-002
  0.66219466157726914        6.7500000000000004E-002
  0.66218087765729006        6.7599999999999993E-002
  0.66216707184660462        6.7699999999999996E-002
  0.66215324414237897        6.7799999999999999E-002
  0.66213939454177972        6.7900000000000002E-002
  0.66212552304197336        6.8000000000000005E-002
  0.66211162964012593        6.8099999999999994E-002
  0.66209771433340414        6.8199999999999997E-002
  0.66208377711897426        6.8300000000000000E-002
  0.66206981799400277        6.8400000000000002E-002
  0.66205583695565584        6.8500000000000005E-002
  0.66204183400109995        6.8599999999999994E-002
  0.66202780912750170        6.8699999999999997E-002
  0.66201376233202736        6.8800000000000000E-002
  0.66199969361184319        6.8900000000000003E-002
  0.66198560296411579        6.9000000000000006E-002
  0.66197149038601144        6.9099999999999995E-002
  0.66195735587469651        6.9199999999999998E-002
  0.66194319942733748        6.9300000000000000E-002
  0.66192902104110063        6.9400000000000003E-002
  0.66191482071315244        6.9500000000000006E-002
  0.66190059844065929        6.9599999999999995E-002
  0.66188635422078756        6.9699999999999998E-002
  0.66187208805070363        6.9800000000000001E-002
  0.66185779992757399        6.9900000000000004E-002
  0.66184348984856478        7.0000000000000007E-002
  0.66182915781084262        7.0099999999999996E-002
  0.66181480381157387        7.0199999999999999E-002
  0.66180042784792481        7.0300000000000001E-002
  0.66178602991706215        7.0400000000000004E-002
  0.66177161001615203        7.0499999999999993E-002
  0.66175716814236074        7.0599999999999996E-002
  0.66174270429285476        7.0699999999999999E-002
  0.66172821846480068        7.0800000000000002E-002
  0.66171371065536466        7.0900000000000005E-002
  0.66169918086171320        7.0999999999999994E-002
  0.66168462908101267        7.1099999999999997E-002
  0.66167005531042933        7.1199999999999999E-002
  0.66165545954712979        7.1300000000000002E-002
  0.66164084178828042        7.1400000000000005E-002
  0.66162620203104749        7.1499999999999994E-002
  0.66161154027259750        7.1599999999999997E-002
  0.66159685651009681        7.1700000000000000E-002
  0.66158215074071169        7.1800000000000003E-002
  0.66156742296160875        7.1900000000000006E-002
  0.66155267316995425        7.1999999999999995E-002
  0.66153790136291457        7.2099999999999997E-002
  0.66152310753765620        7.2200000000000000E-002
  0.66150829169134528        7.2300000000000003E-002
  0.66149345382114866        7.2400000000000006E-002
  0.66147859392423225        7.2499999999999995E-002
  0.66146371199776277        7.2599999999999998E-002
  0.66144880803890649        7.2700000000000001E-002
  0.66143388204482978        7.2800000000000004E-002
  0.66141893401269913        7.2900000000000006E-002
  0.66140396393968082        7.2999999999999995E-002
  0.66138897182294132        7.3099999999999998E-002
  0.66137395765964702        7.3200000000000001E-002
  0.66135892144696429        7.3300000000000004E-002
  0.66134386318205951        7.3400000000000007E-002
  0.66132878286209906        7.3499999999999996E-002
  0.66131368048424932        7.3599999999999999E-002
  0.66129855604567678        7.3700000000000002E-002
  0.66128340954354781        7.3800000000000004E-002
  0.66126824097502879        7.3899999999999993E-002
  0.66125305033728599        7.3999999999999996E-002
  0.66123783762748589        7.4099999999999999E-002
  0.66122260284279499        7.4200000000000002E-002
  0.66120734598037956        7.4300000000000005E-002
  0.66119206703740607        7.4399999999999994E-002
  0.66117676601104081        7.4499999999999997E-002
  0.66116144289845025        7.4600000000000000E-002
  0.66114609769680066        7.4700000000000003E-002
  0.66113073040325876        7.4800000000000005E-002
  0.66111534101499059        7.4899999999999994E-002
  0.66109992952916274        7.4999999999999997E-002
  0.66108449594294150        7.5100000000000000E-002
  0.66106904025349322        7.5200000000000003E-002
  0.66105356245798441        7.5300000000000006E-002
  0.66103806255358144        7.5399999999999995E-002
  0.66102254053745069        7.5499999999999998E-002
  0.66100699640675864        7.5600000000000001E-002
  0.66099143015867146        7.5700000000000003E-002
  0.66097584179035573        7.5800000000000006E-002
  0.66096023129897785        7.5899999999999995E-002
  0.66094459868170408        7.5999999999999998E-002
  0.66092894393570090        7.6100000000000001E-002
  0.66091326705813469        7.6200000000000004E-002
  0.66089756804617195        7.6300000000000007E-002
  0.66088184689697871        7.6399999999999996E-002
  0.66086610360772180        7.6499999999999999E-002
  0.66085033817556738        7.6600000000000001E-002
  0.66083455059768192        7.6700000000000004E-002
  0.66081874087123182        7.6799999999999993E-002
  0.66080290899338334        7.6899999999999996E-002
  0.66078705496130308        7.6999999999999999E-002
  0.66077117877215730        7.7100000000000002E-002
  0.66075528042311249        7.7200000000000005E-002
  0.66073935991133470        7.7299999999999994E-002
  0.66072341723399086        7.7399999999999997E-002
  0.66070745238824702        7.7499999999999999E-002
  0.66069146537126966        7.7600000000000002E-002
  0.66067545618022505        7.7700000000000005E-002
  0.66065942481227991        7.7799999999999994E-002
  0.66064337126460027        7.7899999999999997E-002
  0.66062729553435262        7.8000000000000000E-002
  0.66061119761870368        7.8100000000000003E-002
  0.66059507751481927        7.8200000000000006E-002
  0.66057893521986621        7.8299999999999995E-002
  0.66056277073101088        7.8399999999999997E-002
  0.66054658404541933        7.8500000000000000E-002
  0.66053037516025825        7.8600000000000003E-002
  0.66051414407269404        7.8700000000000006E-002
  0.66049789077989285        7.8799999999999995E-002
  0.66048161527902138        7.8899999999999998E-002
  0.66046531756724591        7.9000000000000001E-002
  0.66044899764173270        7.9100000000000004E-002
  0.66043265549964836        7.9200000000000007E-002
  0.66041629113815936        7.9299999999999995E-002
  0.66039990455443165        7.9399999999999998E-002
  0.66038349574563182        7.9500000000000001E-002
  0.66036706470892648        7.9600000000000004E-002
  0.66035061144148177        7.9699999999999993E-002
  0.66033413594046408        7.9799999999999996E-002
  0.66031763820304012        7.9899999999999999E-002
  0.66030111822637594        8.0000000000000002E-002
  0.66028457600763812        8.0100000000000005E-002
  0.66026801154399284        8.0199999999999994E-002
  0.66025142483260679        8.0299999999999996E-002
  0.66023481587064625        8.0399999999999999E-002
  0.66021818465527760        8.0500000000000002E-002
  0.66020153118366709        8.0600000000000005E-002
  0.66018485545298122        8.0699999999999994E-002
  0.66016815746038648        8.0799999999999997E-002
  0.66015143720304914        8.0900000000000000E-002
  0.66013469467813557        8.1000000000000003E-002
  0.66011792988281237        8.1100000000000005E-002
  0.66010114281424581        8.1199999999999994E-002
  0.66008433346960216        8.1299999999999997E-002
  0.66006750184604790        8.1400000000000000E-002
  0.66005064794074952        8.1500000000000003E-002
  0.66003377175087330        8.1600000000000006E-002
  0.66001687327358560        8.1699999999999995E-002
  0.65999995250605303        8.1799999999999998E-002
  0.65998300944544164        8.1900000000000001E-002
  0.65996604408891801        8.2000000000000003E-002
  0.65994905643364876        8.2100000000000006E-002
  0.65993204647679982        8.2199999999999995E-002
  0.65991501421553789        8.2299999999999998E-002
  0.65989795964702935        8.2400000000000001E-002
  0.65988088276844059        8.2500000000000004E-002
  0.65986378357693798        8.2600000000000007E-002
  0.65984666206968767        8.2699999999999996E-002
  0.65982951824385649        8.2799999999999999E-002
  0.65981235209661049        8.2900000000000001E-002
  0.65979516362511614        8.3000000000000004E-002
  0.65977795282654006        8.3099999999999993E-002
  0.65976071969804839        8.3199999999999996E-002
  0.65974346423680741        8.3299999999999999E-002
  0.65972618643998382        8.3400000000000002E-002
  0.65970888630474400        8.3500000000000005E-002
  0.65969156382825411        8.3599999999999994E-002
  0.65967421900768086        8.3699999999999997E-002
  0.65965685184019029        8.3799999999999999E-002
  0.65963946232294890        8.3900000000000002E-002
  0.65962205045312328        8.4000000000000005E-002
  0.65960461622787958        8.4099999999999994E-002
  0.65958715964438419        8.4199999999999997E-002
  0.65956968069980371        8.4300000000000000E-002
  0.65955217939130450        8.4400000000000003E-002
  0.65953465571605285        8.4500000000000006E-002
  0.65951710967121502        8.4599999999999995E-002
  0.65949954125395782        8.4699999999999998E-002
  0.65948195046144709        8.4800000000000000E-002
  0.65946433729084974        8.4900000000000003E-002
  0.65944670173933195        8.5000000000000006E-002
  0.65942904380405998        8.5099999999999995E-002
  0.65941136348220042        8.5199999999999998E-002
  0.65939366077091965        8.5300000000000001E-002
  0.65937593566738395        8.5400000000000004E-002
  0.65935818816875968        8.5500000000000007E-002
  0.65934041827221346        8.5599999999999996E-002
  0.65932262597491154        8.5699999999999998E-002
  0.65930481127402030        8.5800000000000001E-002
  0.65928697416670612        8.5900000000000004E-002
  0.65926911465013538        8.5999999999999993E-002
  0.65925123272147457        8.6099999999999996E-002
  0.65923332837789006        8.6199999999999999E-002
  0.65921540161654824        8.6300000000000002E-002
  0.65919745243461536        8.6400000000000005E-002
  0.65917948082925792        8.6499999999999994E-002
  0.65916148679764253        8.6599999999999996E-002
  0.65914347033693521        8.6699999999999999E-002
  0.65912543144430247        8.6800000000000002E-002
  0.65910737011691101        8.6900000000000005E-002
  0.65908928635192665        8.6999999999999994E-002
  0.65907118014651633        8.7099999999999997E-002
  0.65905305149784610        8.7200000000000000E-002
  0.65903490040308255        8.7300000000000003E-002
  0.65901672685939183        8.7400000000000005E-002
  0.65899853086394067        8.7499999999999994E-002
  0.65898031241389521        8.7599999999999997E-002
  0.65896207150642194        8.7700000000000000E-002
  0.65894380813868714        8.7800000000000003E-002
  0.65892552230785739        8.7900000000000006E-002
  0.65890721401109886        8.7999999999999995E-002
  0.65888888324557826        8.8099999999999998E-002
  0.65887053000846163        8.8200000000000001E-002
  0.65885215429691557        8.8300000000000003E-002
  0.65883375610810646        8.8400000000000006E-002
  0.65881533543920068        8.8499999999999995E-002
  0.65879689228736449        8.8599999999999998E-002
  0.65877842664976449        8.8700000000000001E-002
  0.65875993852356696        8.8800000000000004E-002
  0.65874142790593826        8.8900000000000007E-002
  0.65872289479404489        8.8999999999999996E-002
  0.65870433918505333        8.9099999999999999E-002
  0.65868576107612964        8.9200000000000002E-002
  0.65866716046444040        8.9300000000000004E-002
  0.65864853734715201        8.9399999999999993E-002
  0.65862989172143105        8.9499999999999996E-002
  0.65861122358444346        8.9599999999999999E-002
  0.65859253293335607        8.9700000000000002E-002
  0.65857381976533513        8.9800000000000005E-002
  0.65855508407754693        8.9899999999999994E-002
  0.65853632586715793        8.9999999999999997E-002
  0.65851754513133454        9.0100000000000000E-002
  0.65849874186724311        9.0200000000000002E-002
  0.65847991607205003        9.0300000000000005E-002
  0.65846106774292190        9.0399999999999994E-002
  0.65844219687702477        9.0499999999999997E-002
  0.65842330347152522        9.0600000000000000E-002
  0.65840438752358965        9.0700000000000003E-002
  0.65838544903038443        9.0800000000000006E-002
  0.65836648798907604        9.0899999999999995E-002
  0.65834750439683065        9.0999999999999998E-002
  0.65832849825081496        9.1100000000000000E-002
  0.65830946954819514        9.1200000000000003E-002
  0.65829041828613755        9.1300000000000006E-002
  0.65827134446180868        9.1399999999999995E-002
  0.65825224807237492        9.1499999999999998E-002
  0.65823312911500265        9.1600000000000001E-002
  0.65821398758685823        9.1700000000000004E-002
  0.65819482348510816        9.1800000000000007E-002
  0.65817563680691882        9.1899999999999996E-002
  0.65815642754945647        9.1999999999999998E-002
  0.65813719570988749        9.2100000000000001E-002
  0.65811794128537859        9.2200000000000004E-002
  0.65809866427309571        9.2299999999999993E-002
  0.65807936467020556        9.2399999999999996E-002
  0.65806004247387451        9.2499999999999999E-002
  0.65804069768126883        9.2600000000000002E-002
  0.65802133028955490        9.2700000000000005E-002
  0.65800194029589931        9.2799999999999994E-002
  0.65798252769746823        9.2899999999999996E-002
  0.65796309249142815        9.2999999999999999E-002
  0.65794363467494543        9.3100000000000002E-002
  0.65792415424518658        9.3200000000000005E-002
  0.65790465119931785        9.3299999999999994E-002
  0.65788512553450573        9.3399999999999997E-002
  0.65786557724791650        9.3500000000000000E-002
  0.65784600633671675        9.3600000000000003E-002
  0.65782641279807264        9.3700000000000006E-002
  0.65780679662915076        9.3799999999999994E-002
  0.65778715782711727        9.3899999999999997E-002
  0.65776749638913867        9.4000000000000000E-002
  0.65774781231238166        9.4100000000000003E-002
  0.65772810559401207        9.4200000000000006E-002
  0.65770837623119671        9.4299999999999995E-002
  0.65768862422110186        9.4399999999999998E-002
  0.65766884956089400        9.4500000000000001E-002
  0.65764905224773940        9.4600000000000004E-002
  0.65762923227880432        9.4700000000000006E-002
  0.65760938965125537        9.4799999999999995E-002
  0.65758952436225893        9.4899999999999998E-002
  0.65756963640898136        9.5000000000000001E-002
  0.65754972578858895        9.5100000000000004E-002
  0.65752979249824828        9.5200000000000007E-002
  0.65750983653512562        9.5299999999999996E-002
  0.65748985789638736        9.5399999999999999E-002
  0.65746985657919998        9.5500000000000002E-002
  0.65744983258072975        9.5600000000000004E-002
  0.65742978589814316        9.5699999999999993E-002
  0.65740971652860658        9.5799999999999996E-002
  0.65738962446928639        9.5899999999999999E-002
  0.65736950971734898        9.6000000000000002E-002
  0.65734937226996071        9.6100000000000005E-002
  0.65732921212428796        9.6199999999999994E-002
  0.65730902927749735        9.6299999999999997E-002
  0.65728882372675490        9.6400000000000000E-002
  0.65726859546922733        9.6500000000000002E-002
  0.65724834450208103        9.6600000000000005E-002
  0.65722807082248202        9.6699999999999994E-002
  0.65720777442759715        9.6799999999999997E-002
  0.65718745531459244        9.6900000000000000E-002
  0.65716711348063450        9.7000000000000003E-002
  0.65714674892288971        9.7100000000000006E-002
  0.65712636163852445        9.7199999999999995E-002
  0.65710595162470509        9.7299999999999998E-002
  0.65708551887859779        9.7400000000000000E-002
  0.65706506339736936        9.7500000000000003E-002
  0.65704458517818609        9.7600000000000006E-002
  0.65702408421821401        9.7699999999999995E-002
  0.65700356051462006        9.7799999999999998E-002
  0.65698301406457027        9.7900000000000001E-002
  0.65696244486523114        9.8000000000000004E-002
  0.65694185291376905        9.8100000000000007E-002
  0.65692123820735049        9.8199999999999996E-002
  0.65690060074314160        9.8299999999999998E-002
  0.65687994051830889        9.8400000000000001E-002
  0.65685925753001895        9.8500000000000004E-002
  0.65683855177543793        9.8599999999999993E-002
  0.65681782325173232        9.8699999999999996E-002
  0.65679707195606862        9.8799999999999999E-002
  0.65677629788561298        9.8900000000000002E-002
  0.65675550103753189        9.9000000000000005E-002
  0.65673468140899183        9.9099999999999994E-002
  0.65671383899715907        9.9199999999999997E-002
  0.65669297379920011        9.9299999999999999E-002
  0.65667208581228143        9.9400000000000002E-002
  0.65665117503356907        9.9500000000000005E-002
  0.65663024146022975        9.9599999999999994E-002
  0.65660928508942984        9.9699999999999997E-002
  0.65658830591833550        9.9800000000000000E-002
  0.65656730394411333        9.9900000000000003E-002
  0.65654627916392960       0.10000000000000001     
