  0.66662951273830662       0.50249999999999995     
  0.66662951273830662       0.50249999999999995     
   6.0337096489795350E-003  0.50249999999999995     
   6.0337096489795350E-003  0.50249999999999995     
   1.0793761946795155E-004  0.50249999999999995     
   1.0793761946795155E-004  0.50249999999999995     
  0.33448731304586010       0.50249999999999995     
  0.33448731304586010       0.50249999999999995     
   1.0025486587301180E-003  0.50249999999999995     
   1.0025486587301180E-003  0.50249999999999995     
  0.33571876534092177       0.50249999999999995     
  0.33571876534092177       0.50249999999999995     
  0.32729542202599626       0.50249999999999995     
  0.32729542202599626       0.50249999999999995     
  0.47313474737489691       0.50249999999999995     
  0.47313474737489691       0.50249999999999995     
  0.66666164118163618       0.50500000000000000     
  0.66666164118163618       0.50500000000000000     
   6.3220288232024302E-004  0.50500000000000000     
   6.3220288232024302E-004  0.50500000000000000     
   1.5822900159733477E-003  0.50500000000000000     
   1.5822900159733477E-003  0.50500000000000000     
  0.33227732635087803       0.50500000000000000     
  0.33227732635087803       0.50500000000000000     
   6.8547706960170318E-004  0.50500000000000000     
   6.8547706960170318E-004  0.50500000000000000     
  0.33547028358026565       0.50500000000000000     
  0.33547028358026565       0.50500000000000000     
  0.33235339715626944       0.50500000000000000     
  0.33235339715626944       0.50500000000000000     
  0.47132953833377378       0.50500000000000000     
  0.47132953833377378       0.50500000000000000     
  0.66665313963857598       0.50749999999999995     
  0.66665313963857598       0.50749999999999995     
   1.8438678706708955E-003  0.50749999999999995     
   1.8438678706708955E-003  0.50749999999999995     
   7.3516522260991257E-004  0.50749999999999995     
   7.3516522260991257E-004  0.50749999999999995     
  0.33663264850440955       0.50749999999999995     
  0.33663264850440955       0.50749999999999995     
   2.2669465119518617E-003  0.50749999999999995     
   2.2669465119518617E-003  0.50749999999999995     
  0.33243433648815984       0.50749999999999995     
  0.33243433648815984       0.50749999999999995     
  0.33084285672435387       0.50749999999999995     
  0.33084285672435387       0.50749999999999995     
  0.47145874919180547       0.50749999999999995     
  0.47145874919180547       0.50749999999999995     
  0.66662733740293367       0.51000000000000001     
  0.66662733740293367       0.51000000000000001     
   1.9665891962852844E-003  0.51000000000000001     
   1.9665891962852844E-003  0.51000000000000001     
   5.0512327036892901E-003  0.51000000000000001     
   5.0512327036892901E-003  0.51000000000000001     
  0.33330998152047314       0.51000000000000001     
  0.33330998152047314       0.51000000000000001     
   1.1340197207465041E-003  0.51000000000000001     
   1.1340197207465041E-003  0.51000000000000001     
  0.32766278262696696       0.51000000000000001     
  0.32766278262696696       0.51000000000000001     
  0.33758489605414815       0.51000000000000001     
  0.33758489605414815       0.51000000000000001     
  0.47239314533667087       0.51000000000000001     
  0.47239314533667087       0.51000000000000001     
  0.66666246390084982       0.51249999999999996     
  0.66666246390084982       0.51249999999999996     
   1.1526047325087219E-003  0.51249999999999996     
   1.1526047325087219E-003  0.51249999999999996     
   7.3827721619659781E-004  0.51249999999999996     
   7.3827721619659781E-004  0.51249999999999996     
  0.33155129431734170       0.51249999999999996     
  0.33155129431734170       0.51249999999999996     
   2.3087029185693275E-003  0.51249999999999996     
   2.3087029185693275E-003  0.51249999999999996     
  0.33377077962249102       0.51249999999999996     
  0.33377077962249102       0.51249999999999996     
  0.33318950181491053       0.51249999999999996     
  0.33318950181491053       0.51249999999999996     
  0.47245050688524287       0.51249999999999996     
  0.47245050688524287       0.51249999999999996     
  0.66662640464840084       0.51500000000000001     
  0.66662640464840084       0.51500000000000001     
   2.3281170187791633E-004  0.51500000000000001     
   2.3281170187791633E-004  0.51500000000000001     
   4.0952822697622737E-003  0.51500000000000001     
   4.0952822697622737E-003  0.51500000000000001     
  0.33825048178591560       0.51500000000000001     
  0.33825048178591560       0.51500000000000001     
   3.2093235017002231E-003  0.51500000000000001     
   3.2093235017002231E-003  0.51500000000000001     
  0.32791434037816614       0.51500000000000001     
  0.32791434037816614       0.51500000000000001     
  0.33349936667015645       0.51500000000000001     
  0.33349936667015645       0.51500000000000001     
  0.47161323646621794       0.51500000000000001     
  0.47161323646621794       0.51500000000000001     
  0.66665286464711959       0.51749999999999996     
  0.66665286464711959       0.51749999999999996     
   3.9162086007528962E-003  0.51749999999999996     
   3.9162086007528962E-003  0.51749999999999996     
   7.3149759671725656E-004  0.51749999999999996     
   7.3149759671725656E-004  0.51749999999999996     
  0.33244165561237443       0.51749999999999996     
  0.33244165561237443       0.51749999999999996     
   2.4021204721418332E-003  0.51749999999999996     
   2.4021204721418332E-003  0.51749999999999996     
  0.33477219975759898       0.51749999999999996     
  0.33477219975759898       0.51749999999999996     
  0.33028640188896141       0.51749999999999996     
  0.33028640188896141       0.51749999999999996     
  0.47315250481259258       0.51749999999999996     
  0.47315250481259258       0.51749999999999996     
  0.66662254414932931       0.52000000000000002     
  0.66662254414932931       0.52000000000000002     
   5.9937891545333577E-004  0.52000000000000002     
   5.9937891545333577E-004  0.52000000000000002     
   2.2125089482347149E-003  0.52000000000000002     
   2.2125089482347149E-003  0.52000000000000002     
  0.32697244158033140       0.52000000000000002     
  0.32697244158033140       0.52000000000000002     
   5.0109907063740633E-003  0.52000000000000002     
   5.0109907063740633E-003  0.52000000000000002     
  0.33726555160876204       0.52000000000000002     
  0.33726555160876204       0.52000000000000002     
  0.33504822523166689       0.52000000000000002     
  0.33504822523166689       0.52000000000000002     
  0.47187672136985870       0.52000000000000002     
  0.47187672136985870       0.52000000000000002     
  0.66665736143972421       0.52249999999999996     
  0.66665736143972421       0.52249999999999996     
   2.4171678124001728E-003  0.52249999999999996     
   2.4171678124001728E-003  0.52249999999999996     
   3.0981881938155209E-004  0.52249999999999996     
   3.0981881938155209E-004  0.52249999999999996     
  0.33494287541144857       0.52249999999999996     
  0.33494287541144857       0.52249999999999996     
   2.2084239124052774E-003  0.52249999999999996     
   2.2084239124052774E-003  0.52249999999999996     
  0.33135093167071827       0.52249999999999996     
  0.33135093167071827       0.52249999999999996     
  0.33523547419253069       0.52249999999999996     
  0.33523547419253069       0.52249999999999996     
  0.47031278725186476       0.52249999999999996     
  0.47031278725186476       0.52249999999999996     
  0.66663049588584933       0.52500000000000002     
  0.66663049588584933       0.52500000000000002     
   5.4730692871172715E-003  0.52500000000000002     
   5.4730692871172715E-003  0.52500000000000002     
   5.2136985374411915E-003  0.52500000000000002     
   5.2136985374411915E-003  0.52500000000000002     
  0.33606399812480381       0.52500000000000002     
  0.33606399812480381       0.52500000000000002     
   6.1644179035756919E-003  0.52500000000000002     
   6.1644179035756919E-003  0.52500000000000002     
  0.33470865559154361       0.52500000000000002     
  0.33470865559154361       0.52500000000000002     
  0.33508005676104979       0.52500000000000002     
  0.33508005676104979       0.52500000000000002     
  0.46718419222835206       0.52500000000000002     
  0.46718419222835206       0.52500000000000002     
  0.66665404445518606       0.52749999999999997     
  0.66665404445518606       0.52749999999999997     
   2.5290578307797240E-003  0.52749999999999997     
   2.5290578307797240E-003  0.52749999999999997     
   3.1433439313996170E-003  0.52749999999999997     
   3.1433439313996170E-003  0.52749999999999997     
  0.33125746176577492       0.52749999999999997     
  0.33125746176577492       0.52749999999999997     
   4.3677463917868309E-005  0.52749999999999997     
   4.3677463917868309E-005  0.52749999999999997     
  0.33579716846589325       0.52749999999999997     
  0.33579716846589325       0.52749999999999997     
  0.33493646760412688       0.52749999999999997     
  0.33493646760412688       0.52749999999999997     
  0.46998126431425385       0.52749999999999997     
  0.46998126431425385       0.52749999999999997     
  0.66664441137053609       0.53000000000000003     
  0.66664441137053609       0.53000000000000003     
   4.0704143575994722E-003  0.53000000000000003     
   4.0704143575994722E-003  0.53000000000000003     
   2.2284407938527595E-005  0.53000000000000003     
   2.2284407938527595E-005  0.53000000000000003     
  0.33092118583823305       0.53000000000000003     
  0.33092118583823305       0.53000000000000003     
   3.6621565782146703E-003  0.53000000000000003     
   3.6621565782146703E-003  0.53000000000000003     
  0.33599985204710359       0.53000000000000003     
  0.33599985204710359       0.53000000000000003     
  0.33033679436316404       0.53000000000000003     
  0.33033679436316404       0.53000000000000003     
  0.47331605002275018       0.53000000000000003     
  0.47331605002275018       0.53000000000000003     
  0.66662671947298868       0.53249999999999997     
  0.66662671947298868       0.53249999999999997     
   2.6527166116581680E-003  0.53249999999999997     
   2.6527166116581680E-003  0.53249999999999997     
   5.5645192666069210E-003  0.53249999999999997     
   5.5645192666069210E-003  0.53249999999999997     
  0.33739923099739394       0.53249999999999997     
  0.33739923099739394       0.53249999999999997     
   6.5742911618081878E-003  0.53249999999999997     
   6.5742911618081878E-003  0.53249999999999997     
  0.33598085913279047       0.53249999999999997     
  0.33598085913279047       0.53249999999999997     
  0.33178639469369647       0.53249999999999997     
  0.33178639469369647       0.53249999999999997     
  0.46767934358785346       0.53249999999999997     
  0.46767934358785346       0.53249999999999997     
  0.66664457926102205       0.53500000000000003     
  0.66664457926102205       0.53500000000000003     
   3.9698530633686946E-003  0.53500000000000003     
   3.9698530633686946E-003  0.53500000000000003     
   6.8692620325611076E-004  0.53500000000000003     
   6.8692620325611076E-004  0.53500000000000003     
  0.33155693492929739       0.53500000000000003     
  0.33155693492929739       0.53500000000000003     
   2.8041429197773193E-003  0.53500000000000003     
   2.8041429197773193E-003  0.53500000000000003     
  0.33641811888416584       0.53500000000000003     
  0.33641811888416584       0.53500000000000003     
  0.32988517603123491       0.53500000000000003     
  0.32988517603123491       0.53500000000000003     
  0.47289480124921468       0.53500000000000003     
  0.47289480124921468       0.53500000000000003     
  0.66661221837434026       0.53749999999999998     
  0.66661221837434026       0.53749999999999998     
   3.3921362099793295E-003  0.53749999999999998     
   3.3921362099793295E-003  0.53749999999999998     
   3.1554968450298593E-003  0.53749999999999998     
   3.1554968450298593E-003  0.53749999999999998     
  0.33802484629173019       0.53749999999999998     
  0.33802484629173019       0.53749999999999998     
   4.4439296328511735E-003  0.53749999999999998     
   4.4439296328511735E-003  0.53749999999999998     
  0.32712117431686555       0.53749999999999998     
  0.32712117431686555       0.53749999999999998     
  0.33657805455954048       0.53749999999999998     
  0.33657805455954048       0.53749999999999998     
  0.47014152757495531       0.53749999999999998     
  0.47014152757495531       0.53749999999999998     
  0.66664976728990966       0.54000000000000004     
  0.66664976728990966       0.54000000000000004     
   3.8742185445932997E-003  0.54000000000000004     
   3.8742185445932997E-003  0.54000000000000004     
   3.4280061031793929E-004  0.54000000000000004     
   3.4280061031793929E-004  0.54000000000000004     
  0.33398217430109550       0.54000000000000004     
  0.33398217430109550       0.54000000000000004     
   1.7606117130669618E-003  0.54000000000000004     
   1.7606117130669618E-003  0.54000000000000004     
  0.33095869077642542       0.54000000000000004     
  0.33095869077642542       0.54000000000000004     
  0.33693963017072270       0.54000000000000004     
  0.33693963017072270       0.54000000000000004     
  0.47005719110522809       0.54000000000000004     
  0.47005719110522809       0.54000000000000004     
  0.66665349899800064       0.54249999999999998     
  0.66665349899800064       0.54249999999999998     
   2.0336874713485220E-003  0.54249999999999998     
   2.0336874713485220E-003  0.54249999999999998     
   1.0948709120967987E-003  0.54249999999999998     
   1.0948709120967987E-003  0.54249999999999998     
  0.33569198116543247       0.54249999999999998     
  0.33569198116543247       0.54249999999999998     
   2.5232137739646943E-003  0.54249999999999998     
   2.5232137739646943E-003  0.54249999999999998     
  0.33053667622088634       0.54249999999999998     
  0.33053667622088634       0.54249999999999998     
  0.33500830523951153       0.54249999999999998     
  0.33500830523951153       0.54249999999999998     
  0.47051802305234980       0.54249999999999998     
  0.47051802305234980       0.54249999999999998     
  0.66666112401938160       0.54500000000000004     
  0.66666112401938160       0.54500000000000004     
   1.5936552592822339E-003  0.54500000000000004     
   1.5936552592822339E-003  0.54500000000000004     
   1.3870549841388247E-004  0.54500000000000004     
   1.3870549841388247E-004  0.54500000000000004     
  0.33167205855505560       0.54500000000000004     
  0.33167205855505560       0.54500000000000004     
   1.0815503951133731E-003  0.54500000000000004     
   1.0815503951133731E-003  0.54500000000000004     
  0.33301822895213273       0.54500000000000004     
  0.33301822895213273       0.54500000000000004     
  0.33544992164669357       0.54500000000000004     
  0.33544992164669357       0.54500000000000004     
  0.47130142788226070       0.54500000000000004     
  0.47130142788226070       0.54500000000000004     
  0.66663666766662377       0.54749999999999999     
  0.66663666766662377       0.54749999999999999     
   2.9835719998465016E-003  0.54749999999999999     
   2.9835719998465016E-003  0.54749999999999999     
   3.2844522532032294E-003  0.54749999999999999     
   3.2844522532032294E-003  0.54749999999999999     
  0.33402376373129877       0.54749999999999999     
  0.33402376373129877       0.54749999999999999     
   4.8151126831813551E-004  0.54749999999999999     
   4.8151126831813551E-004  0.54749999999999999     
  0.32859716574074382       0.54749999999999999     
  0.32859716574074382       0.54749999999999999     
  0.33748791164467895       0.54749999999999999     
  0.33748791164467895       0.54749999999999999     
  0.47130619947963132       0.54749999999999999     
  0.47130619947963132       0.54749999999999999     
  0.66666189287713862       0.55000000000000004     
  0.66666189287713862       0.55000000000000004     
   2.4719657777435011E-003  0.55000000000000004     
   2.4719657777435011E-003  0.55000000000000004     
   1.0100077621770509E-003  0.55000000000000004     
   1.0100077621770509E-003  0.55000000000000004     
  0.33368841124262327       0.55000000000000004     
  0.33368841124262327       0.55000000000000004     
   1.4952243589199110E-003  0.55000000000000004     
   1.4952243589199110E-003  0.55000000000000004     
  0.33299682115633111       0.55000000000000004     
  0.33299682115633111       0.55000000000000004     
  0.33506766276379751       0.55000000000000004     
  0.33506766276379751       0.55000000000000004     
  0.47015671954657290       0.55000000000000004     
  0.47015671954657290       0.55000000000000004     
  0.66665049140999855       0.55249999999999999     
  0.66665049140999855       0.55249999999999999     
   3.1142106217026400E-003  0.55249999999999999     
   3.1142106217026400E-003  0.55249999999999999     
   1.2502206229222934E-004  0.55249999999999999     
   1.2502206229222934E-004  0.55249999999999999     
  0.33578691416452872       0.55249999999999999     
  0.33578691416452872       0.55249999999999999     
   3.2947839080412766E-003  0.55249999999999999     
   3.2947839080412766E-003  0.55249999999999999     
  0.33090247101531212       0.55249999999999999     
  0.33090247101531212       0.55249999999999999     
  0.33553430495174380       0.55249999999999999     
  0.33553430495174380       0.55249999999999999     
  0.46981267545629929       0.55249999999999999     
  0.46981267545629929       0.55249999999999999     
  0.66666323696837604       0.55500000000000005     
  0.66666323696837604       0.55500000000000005     
   1.7447019580305589E-003  0.55500000000000005     
   1.7447019580305589E-003  0.55500000000000005     
   9.2541925024280935E-005  0.55500000000000005     
   9.2541925024280935E-005  0.55500000000000005     
  0.33288026831761530       0.55500000000000005     
  0.33288026831761530       0.55500000000000005     
   9.8316024599809371E-004  0.55500000000000005     
   9.8316024599809371E-004  0.55500000000000005     
  0.33439107900515253       0.55500000000000005     
  0.33439107900515253       0.55500000000000005     
  0.33179813475035563       0.55500000000000005     
  0.33179813475035563       0.55500000000000005     
  0.47205868750414032       0.55500000000000005     
  0.47205868750414032       0.55500000000000005     
  0.66665290972434166       0.55750000000000000     
  0.66665290972434166       0.55750000000000000     
   3.9336579325496002E-003  0.55750000000000000     
   3.9336579325496002E-003  0.55750000000000000     
   3.3495802015992976E-003  0.55750000000000000     
   3.3495802015992976E-003  0.55750000000000000     
  0.33380351394739238       0.55750000000000000     
  0.33380351394739238       0.55750000000000000     
   2.8870493269641528E-003  0.55750000000000000     
   2.8870493269641528E-003  0.55750000000000000     
  0.33446346006768080       0.55750000000000000     
  0.33446346006768080       0.55750000000000000     
  0.33529126956607708       0.55750000000000000     
  0.33529126956607708       0.55750000000000000     
  0.46885819408668611       0.55750000000000000     
  0.46885819408668611       0.55750000000000000     
  0.66665980018384441       0.56000000000000005     
  0.66665980018384441       0.56000000000000005     
   2.2744449614151008E-004  0.56000000000000005     
   2.2744449614151008E-004  0.56000000000000005     
   1.0081780193485351E-003  0.56000000000000005     
   1.0081780193485351E-003  0.56000000000000005     
  0.33097256610751558       0.56000000000000005     
  0.33097256610751558       0.56000000000000005     
   2.4844078568135308E-003  0.56000000000000005     
   2.4844078568135308E-003  0.56000000000000005     
  0.33307415865576290       0.56000000000000005     
  0.33307415865576290       0.56000000000000005     
  0.33480316247447145       0.56000000000000005     
  0.33480316247447145       0.56000000000000005     
  0.47221080271750648       0.56000000000000005     
  0.47221080271750648       0.56000000000000005     
  0.66664508728125293       0.56250000000000000     
  0.66664508728125293       0.56250000000000000     
   2.1962502282315555E-003  0.56250000000000000     
   2.1962502282315555E-003  0.56250000000000000     
   2.9194923940223938E-003  0.56250000000000000     
   2.9194923940223938E-003  0.56250000000000000     
  0.33197785634114235       0.56250000000000000     
  0.33197785634114235       0.56250000000000000     
   1.5636335477623997E-003  0.56250000000000000     
   1.5636335477623997E-003  0.56250000000000000     
  0.33002641330324456       0.56250000000000000     
  0.33002641330324456       0.56250000000000000     
  0.33721660337477738       0.56250000000000000     
  0.33721660337477738       0.56250000000000000     
  0.47193933046128561       0.56250000000000000     
  0.47193933046128561       0.56250000000000000     
  0.66662108993878377       0.56499999999999995     
  0.66662108993878377       0.56499999999999995     
   5.8036540661724201E-003  0.56499999999999995     
   5.8036540661724201E-003  0.56499999999999995     
   2.1462970640437340E-003  0.56499999999999995     
   2.1462970640437340E-003  0.56499999999999995     
  0.32886863338283234       0.56499999999999995     
  0.32886863338283234       0.56499999999999995     
   1.5171735323735724E-003  0.56499999999999995     
   1.5171735323735724E-003  0.56499999999999995     
  0.33419022563838463       0.56499999999999995     
  0.33419022563838463       0.56499999999999995     
  0.33926020821651337       0.56499999999999995     
  0.33926020821651337       0.56499999999999995     
  0.46972387839111673       0.56499999999999995     
  0.46972387839111673       0.56499999999999995     
  0.66665010222524224       0.56750000000000000     
  0.66665010222524224       0.56750000000000000     
   1.0697405736267984E-004  0.56750000000000000     
   1.0697405736267984E-004  0.56750000000000000     
   3.2528055852379389E-003  0.56750000000000000     
   3.2528055852379389E-003  0.56750000000000000     
  0.33095606045923148       0.56750000000000000     
  0.33095606045923148       0.56750000000000000     
   1.1984778097002824E-003  0.56750000000000000     
   1.1984778097002824E-003  0.56750000000000000     
  0.33722795819274570       0.56750000000000000     
  0.33722795819274570       0.56750000000000000     
  0.33252707767788758       0.56750000000000000     
  0.33252707767788758       0.56750000000000000     
  0.47088927534972436       0.56750000000000000     
  0.47088927534972436       0.56750000000000000     
  0.66665999629324801       0.56999999999999995     
  0.66665999629324801       0.56999999999999995     
   7.0109754734931640E-004  0.56999999999999995     
   7.0109754734931640E-004  0.56999999999999995     
   1.8360907701414630E-003  0.56999999999999995     
   1.8360907701414630E-003  0.56999999999999995     
  0.33535061345120826       0.56999999999999995     
  0.33535061345120826       0.56999999999999995     
   1.0633788210446249E-003  0.56999999999999995     
   1.0633788210446249E-003  0.56999999999999995     
  0.33125863869223698       0.56999999999999995     
  0.33125863869223698       0.56999999999999995     
  0.33287843343494911       0.56999999999999995     
  0.33287843343494911       0.56999999999999995     
  0.47176164406167875       0.56999999999999995     
  0.47176164406167875       0.56999999999999995     
  0.66663899119780590       0.57250000000000001     
  0.66663899119780590       0.57250000000000001     
   2.9514570980086197E-003  0.57250000000000001     
   2.9514570980086197E-003  0.57250000000000001     
   1.7859814422619136E-003  0.57250000000000001     
   1.7859814422619136E-003  0.57250000000000001     
  0.33008053703073625       0.57250000000000001     
  0.33008053703073625       0.57250000000000001     
   2.7040760306898393E-003  0.57250000000000001     
   2.7040760306898393E-003  0.57250000000000001     
  0.33140668657837985       0.57250000000000001     
  0.33140668657837985       0.57250000000000001     
  0.33800890938336342       0.57250000000000001     
  0.33800890938336342       0.57250000000000001     
  0.47174106351315781       0.57250000000000001     
  0.47174106351315781       0.57250000000000001     
  0.66663053409085515       0.57499999999999996     
  0.66663053409085515       0.57499999999999996     
   6.4388610686714753E-003  0.57499999999999996     
   6.4388610686714753E-003  0.57499999999999996     
   5.4590133808554708E-003  0.57499999999999996     
   5.4590133808554708E-003  0.57499999999999996     
  0.33321677375041170       0.57499999999999996     
  0.33321677375041170       0.57499999999999996     
   4.0281261942895219E-003  0.57499999999999996     
   4.0281261942895219E-003  0.57499999999999996     
  0.33122446729768507       0.57499999999999996     
  0.33122446729768507       0.57499999999999996     
  0.32983926384969392       0.57499999999999996     
  0.32983926384969392       0.57499999999999996     
  0.47537269961527162       0.57499999999999996     
  0.47537269961527162       0.57499999999999996     
  0.66664180865257883       0.57750000000000001     
  0.66664180865257883       0.57750000000000001     
   2.4593686432075879E-003  0.57750000000000001     
   2.4593686432075879E-003  0.57750000000000001     
   2.0274039874560168E-003  0.57750000000000001     
   2.0274039874560168E-003  0.57750000000000001     
  0.33020632725801746       0.57750000000000001     
  0.33020632725801746       0.57750000000000001     
   3.1186334389516068E-003  0.57750000000000001     
   3.1186334389516068E-003  0.57750000000000001     
  0.33741249152434516       0.57750000000000001     
  0.33741249152434516       0.57750000000000001     
  0.33115604547750266       0.57750000000000001     
  0.33115604547750266       0.57750000000000001     
  0.47225103903557991       0.57750000000000001     
  0.47225103903557991       0.57750000000000001     
  0.66665029915455420       0.57999999999999996     
  0.66665029915455420       0.57999999999999996     
   2.3050107220261712E-003  0.57999999999999996     
   2.3050107220261712E-003  0.57999999999999996     
   2.0885469848952731E-003  0.57999999999999996     
   2.0885469848952731E-003  0.57999999999999996     
  0.32993481538134162       0.57999999999999996     
  0.32993481538134162       0.57999999999999996     
   1.7119275619997265E-003  0.57999999999999996     
   1.7119275619997265E-003  0.57999999999999996     
  0.33536612089293272       0.57999999999999996     
  0.33536612089293272       0.57999999999999996     
  0.33566762264428118       0.57999999999999996     
  0.33566762264428118       0.57999999999999996     
  0.47070645481723516       0.57999999999999996     
  0.47070645481723516       0.57999999999999996     
  0.66665712304423996       0.58250000000000002     
  0.66665712304423996       0.58250000000000002     
   1.2673222886200597E-003  0.58250000000000002     
   1.2673222886200597E-003  0.58250000000000002     
   1.7232360375445260E-003  0.58250000000000002     
   1.7232360375445260E-003  0.58250000000000002     
  0.33166361558738949       0.58250000000000002     
  0.33166361558738949       0.58250000000000002     
   1.4346709430924642E-003  0.58250000000000002     
   1.4346709430924642E-003  0.58250000000000002     
  0.33610081558581323       0.58250000000000002     
  0.33610081558581323       0.58250000000000002     
  0.33190325846605273       0.58250000000000002     
  0.33190325846605273       0.58250000000000002     
  0.47163261692406661       0.58250000000000002     
  0.47163261692406661       0.58250000000000002     
  0.66666401600219349       0.58499999999999996     
  0.66666401600219349       0.58499999999999996     
   1.3779817541670625E-003  0.58499999999999996     
   1.3779817541670625E-003  0.58499999999999996     
   3.1559236849741656E-004  0.58499999999999996     
   3.1559236849741656E-004  0.58499999999999996     
  0.33287881826958093       0.58499999999999996     
  0.33287881826958093       0.58499999999999996     
   7.8742997504649415E-004  0.58499999999999996     
   7.8742997504649415E-004  0.58499999999999996     
  0.33442967742949770       0.58499999999999996     
  0.33442967742949770       0.58499999999999996     
  0.33203951339118082       0.58499999999999996     
  0.33203951339118082       0.58499999999999996     
  0.47186298873925087       0.58499999999999996     
  0.47186298873925087       0.58499999999999996     
  0.66665980409469705       0.58750000000000002     
  0.66665980409469705       0.58750000000000002     
   5.7714278476400649E-004  0.58750000000000002     
   5.7714278476400649E-004  0.58750000000000002     
   4.0611584464506079E-004  0.58750000000000002     
   4.0611584464506079E-004  0.58750000000000002     
  0.33589640435928814       0.58750000000000002     
  0.33589640435928814       0.58750000000000002     
   2.0968812042631568E-003  0.58750000000000002     
   2.0968812042631568E-003  0.58750000000000002     
  0.33237577064936830       0.58750000000000002     
  0.33237577064936830       0.58750000000000002     
  0.33213108862754476       0.58750000000000002     
  0.33213108862754476       0.58750000000000002     
  0.47111428270019740       0.58750000000000002     
  0.47111428270019740       0.58750000000000002     
  0.66664869406931593       0.58999999999999997     
  0.66664869406931593       0.58999999999999997     
   4.6870369077269269E-003  0.58999999999999997     
   4.6870369077269269E-003  0.58999999999999997     
   1.3313342887371904E-003  0.58999999999999997     
   1.3313342887371904E-003  0.58999999999999997     
  0.33400231206888176       0.58999999999999997     
  0.33400231206888176       0.58999999999999997     
   1.3794899570018782E-003  0.58999999999999997     
   1.3794899570018782E-003  0.58999999999999997     
  0.33406919764317039       0.58999999999999997     
  0.33406919764317039       0.58999999999999997     
  0.32930918721798197       0.58999999999999997     
  0.32930918721798197       0.58999999999999997     
  0.47323305566415197       0.58999999999999997     
  0.47323305566415197       0.58999999999999997     
  0.66665852655282798       0.59250000000000003     
  0.66665852655282798       0.59250000000000003     
   8.7291140712750237E-005  0.59250000000000003     
   8.7291140712750237E-005  0.59250000000000003     
   2.4846959046976314E-003  0.59250000000000003     
   2.4846959046976314E-003  0.59250000000000003     
  0.33185832578188162       0.59250000000000003     
  0.33185832578188162       0.59250000000000003     
   2.2561856138821335E-003  0.59250000000000003     
   2.2561856138821335E-003  0.59250000000000003     
  0.33153286398800275       0.59250000000000003     
  0.33153286398800275       0.59250000000000003     
  0.33490086963520288       0.59250000000000003     
  0.33490086963520288       0.59250000000000003     
  0.47260186266421700       0.59250000000000003     
  0.47260186266421700       0.59250000000000003     
  0.66666251399241938       0.59499999999999997     
  0.66666251399241938       0.59499999999999997     
   1.9442376522726956E-003  0.59499999999999997     
   1.9442376522726956E-003  0.59499999999999997     
   2.1023036672447454E-003  0.59499999999999997     
   2.1023036672447454E-003  0.59499999999999997     
  0.33349958113203759       0.59499999999999997     
  0.33349958113203759       0.59499999999999997     
   1.5109036633826900E-003  0.59499999999999997     
   1.5109036633826900E-003  0.59499999999999997     
  0.33433890856740245       0.59499999999999997     
  0.33433890856740245       0.59499999999999997     
  0.33411519803302853       0.59499999999999997     
  0.33411519803302853       0.59499999999999997     
  0.47001397002245626       0.59499999999999997     
  0.47001397002245626       0.59499999999999997     
  0.66663477198298049       0.59750000000000003     
  0.66663477198298049       0.59750000000000003     
   6.1306988675711438E-003  0.59750000000000003     
   6.1306988675711438E-003  0.59750000000000003     
   3.7637051642249314E-003  0.59750000000000003     
   3.7637051642249314E-003  0.59750000000000003     
  0.33510768011973074       0.59750000000000003     
  0.33510768011973074       0.59750000000000003     
   1.5859689063446036E-003  0.59750000000000003     
   1.5859689063446036E-003  0.59750000000000003     
  0.33209089218927251       0.59750000000000003     
  0.33209089218927251       0.59750000000000003     
  0.32871626648929492       0.59750000000000003     
  0.32871626648929492       0.59750000000000003     
  0.47424453274575668       0.59750000000000003     
  0.47424453274575668       0.59750000000000003     
  0.66665994802627293       0.59999999999999998     
  0.66665994802627293       0.59999999999999998     
   7.8496291907881321E-004  0.59999999999999998     
   7.8496291907881321E-004  0.59999999999999998     
   1.7350141566430943E-003  0.59999999999999998     
   1.7350141566430943E-003  0.59999999999999998     
  0.33543760821287916       0.59999999999999998     
  0.33543760821287916       0.59999999999999998     
   2.8252021751251077E-003  0.59999999999999998     
   2.8252021751251077E-003  0.59999999999999998     
  0.33390127593215807       0.59999999999999998     
  0.33390127593215807       0.59999999999999998     
  0.33254488461306708       0.59999999999999998     
  0.33254488461306708       0.59999999999999998     
  0.47006203658441470       0.59999999999999998     
  0.47006203658441470       0.59999999999999998     
  0.66665439458269082       0.60250000000000004     
  0.66665439458269082       0.60250000000000004     
   2.4465534992761662E-003  0.60250000000000004     
   2.4465534992761662E-003  0.60250000000000004     
   3.4961518863230456E-003  0.60250000000000004     
   3.4961518863230456E-003  0.60250000000000004     
  0.33494114466645608       0.60250000000000004     
  0.33494114466645608       0.60250000000000004     
   3.5033267620129815E-003  0.60250000000000004     
   3.5033267620129815E-003  0.60250000000000004     
  0.33493099262044934       0.60250000000000004     
  0.33493099262044934       0.60250000000000004     
  0.33343578637433252       0.60250000000000004     
  0.33343578637433252       0.60250000000000004     
  0.46903905641579557       0.60250000000000004     
  0.46903905641579557       0.60250000000000004     
  0.66665957041294843       0.60499999999999998     
  0.66665957041294843       0.60499999999999998     
   2.3309312632595336E-003  0.60499999999999998     
   2.3309312632595336E-003  0.60499999999999998     
   1.0772122181604976E-003  0.60499999999999998     
   1.0772122181604976E-003  0.60499999999999998     
  0.33159729238324692       0.60499999999999998     
  0.33159729238324692       0.60499999999999998     
   4.9253435713103588E-004  0.60499999999999998     
   4.9253435713103588E-004  0.60499999999999998     
  0.33384003620822927       0.60499999999999998     
  0.33384003620822927       0.60499999999999998     
  0.33559930281596295       0.60499999999999998     
  0.33559930281596295       0.60499999999999998     
  0.47066476277875069       0.60499999999999998     
  0.47066476277875069       0.60499999999999998     
  0.66664286079703883       0.60750000000000004     
  0.66664286079703883       0.60750000000000004     
   3.4174198520123267E-003  0.60750000000000004     
   3.4174198520123267E-003  0.60750000000000004     
   5.2159393341228155E-003  0.60750000000000004     
   5.2159393341228155E-003  0.60750000000000004     
  0.33497483662383237       0.60750000000000004     
  0.33497483662383237       0.60750000000000004     
   1.2975816860647249E-003  0.60750000000000004     
   1.2975816860647249E-003  0.60750000000000004     
  0.32946586509141029       0.60750000000000004     
  0.32946586509141029       0.60750000000000004     
  0.33202843191163689       0.60750000000000004     
  0.33202843191163689       0.60750000000000004     
  0.47386486968625158       0.60750000000000004     
  0.47386486968625158       0.60750000000000004     
  0.66665571630691933       0.60999999999999999     
  0.66665571630691933       0.60999999999999999     
   1.6857226715416007E-003  0.60999999999999999     
   1.6857226715416007E-003  0.60999999999999999     
   2.1299079721715103E-003  0.60999999999999999     
   2.1299079721715103E-003  0.60999999999999999     
  0.33065380325709764       0.60999999999999999     
  0.33065380325709764       0.60999999999999999     
   1.2359529668711788E-003  0.60999999999999999     
   1.2359529668711788E-003  0.60999999999999999     
  0.33544577923984570       0.60999999999999999     
  0.33544577923984570       0.60999999999999999     
  0.33482510580947211       0.60999999999999999     
  0.33482510580947211       0.60999999999999999     
  0.47074149421065392       0.60999999999999999     
  0.47074149421065392       0.60999999999999999     
  0.66663027207153636       0.61250000000000004     
  0.66663027207153636       0.61250000000000004     
   2.9122605972503879E-003  0.61250000000000004     
   2.9122605972503879E-003  0.61250000000000004     
   4.7513318099305368E-003  0.61250000000000004     
   4.7513318099305368E-003  0.61250000000000004     
  0.32893765538153608       0.61250000000000004     
  0.32893765538153608       0.61250000000000004     
   6.6881559132058732E-003  0.61250000000000004     
   6.6881559132058732E-003  0.61250000000000004     
  0.33168829927485644       0.61250000000000004     
  0.33168829927485644       0.61250000000000004     
  0.33423855396432867       0.61250000000000004     
  0.33423855396432867       0.61250000000000004     
  0.47496919548132699       0.61250000000000004     
  0.47496919548132699       0.61250000000000004     
  0.66666175935638883       0.61499999999999999     
  0.66666175935638883       0.61499999999999999     
   8.1796686383431294E-004  0.61499999999999999     
   8.1796686383431294E-004  0.61499999999999999     
   3.4491322583325712E-004  0.61499999999999999     
   3.4491322583325712E-004  0.61499999999999999     
  0.33542597380379902       0.61499999999999999     
  0.33542597380379902       0.61499999999999999     
   1.5911529287286896E-003  0.61499999999999999     
   1.5911529287286896E-003  0.61499999999999999     
  0.33270399936643591       0.61499999999999999     
  0.33270399936643591       0.61499999999999999     
  0.33202865686170013       0.61499999999999999     
  0.33202865686170013       0.61499999999999999     
  0.47128884862553588       0.61499999999999999     
  0.47128884862553588       0.61499999999999999     
  0.66664472636152172       0.61750000000000005     
  0.66664472636152172       0.61750000000000005     
   3.6330015687744133E-003  0.61750000000000005     
   3.6330015687744133E-003  0.61750000000000005     
   1.9545062548982570E-003  0.61750000000000005     
   1.9545062548982570E-003  0.61750000000000005     
  0.33678789457081720       0.61750000000000005     
  0.33678789457081720       0.61750000000000005     
   1.4244126312514260E-003  0.61750000000000005     
   1.4244126312514260E-003  0.61750000000000005     
  0.33208727874733546       0.61750000000000005     
  0.33208727874733546       0.61750000000000005     
  0.32967614470368745       0.61750000000000005     
  0.32967614470368745       0.61750000000000005     
  0.47241011647669517       0.61750000000000005     
  0.47241011647669517       0.61750000000000005     
  0.66661963898181187       0.62000000000000000     
  0.66661963898181187       0.62000000000000000     
   4.6604425919489489E-003  0.62000000000000000     
   4.6604425919489489E-003  0.62000000000000000     
   3.3390458682819313E-004  0.62000000000000000     
   3.3390458682819313E-004  0.62000000000000000     
  0.33817054989701223       0.62000000000000000     
  0.33817054989701223       0.62000000000000000     
   5.9720875527403683E-003  0.62000000000000000     
   5.9720875527403683E-003  0.62000000000000000     
  0.32913117414006554       0.62000000000000000     
  0.32913117414006554       0.62000000000000000     
  0.33634998909594604       0.62000000000000000     
  0.33634998909594604       0.62000000000000000     
  0.46876727510228733       0.62000000000000000     
  0.46876727510228733       0.62000000000000000     
  0.66661886616400512       0.62250000000000005     
  0.66661886616400512       0.62250000000000005     
   4.8576803109785793E-003  0.62250000000000005     
   4.8576803109785793E-003  0.62250000000000005     
   6.0383935055817878E-003  0.62250000000000005     
   6.0383935055817878E-003  0.62250000000000005     
  0.33743982708474973       0.62250000000000005     
  0.33743982708474973       0.62250000000000005     
   3.2450722357979522E-004  0.62250000000000005     
   3.2450722357979522E-004  0.62250000000000005     
  0.32856516198780211       0.62250000000000005     
  0.32856516198780211       0.62250000000000005     
  0.33026643782567067       0.62250000000000005     
  0.33026643782567067       0.62250000000000005     
  0.47398572160938474       0.62250000000000005     
  0.47398572160938474       0.62250000000000005     
  0.66665928805473240       0.62500000000000000     
  0.66665928805473240       0.62500000000000000     
   1.3559757658684057E-003  0.62500000000000000     
   1.3559757658684057E-003  0.62500000000000000     
   3.1049205854049577E-003  0.62500000000000000     
   3.1049205854049577E-003  0.62500000000000000     
  0.33364205491577026       0.62500000000000000     
  0.33364205491577026       0.62500000000000000     
   1.1932635765847244E-003  0.62500000000000000     
   1.1932635765847244E-003  0.62500000000000000     
  0.33093755417431958       0.62500000000000000     
  0.33093755417431958       0.62500000000000000     
  0.33341440517181886       0.62500000000000000     
  0.33341440517181886       0.62500000000000000     
  0.47281138261090511       0.62500000000000000     
  0.47281138261090511       0.62500000000000000     
  0.66666401420612564       0.62749999999999995     
  0.66666401420612564       0.62749999999999995     
   8.6307516289277353E-004  0.62749999999999995     
   8.6307516289277353E-004  0.62749999999999995     
   1.5877749365953084E-003  0.62749999999999995     
   1.5877749365953084E-003  0.62749999999999995     
  0.33246891330585626       0.62749999999999995     
  0.33246891330585626       0.62749999999999995     
   1.6314341691469059E-003  0.62749999999999995     
   1.6314341691469059E-003  0.62749999999999995     
  0.33253071820195207       0.62749999999999995     
  0.33253071820195207       0.62749999999999995     
  0.33355162805779281       0.62749999999999995     
  0.33355162805779281       0.62749999999999995     
  0.47242373280561417       0.62749999999999995     
  0.47242373280561417       0.62749999999999995     
  0.66665803631062004       0.63000000000000000     
  0.66665803631062004       0.63000000000000000     
   3.6672041172583492E-004  0.63000000000000000     
   3.6672041172583492E-004  0.63000000000000000     
   2.6500085195926837E-003  0.63000000000000000     
   2.6500085195926837E-003  0.63000000000000000     
  0.33488886362769971       0.63000000000000000     
  0.33488886362769971       0.63000000000000000     
   2.4652195491360329E-003  0.63000000000000000     
   2.4652195491360329E-003  0.63000000000000000     
  0.33514852076285906       0.63000000000000000     
  0.33514852076285906       0.63000000000000000     
  0.33189676994876111       0.63000000000000000     
  0.33189676994876111       0.63000000000000000     
  0.47002472757904989       0.63000000000000000     
  0.47002472757904989       0.63000000000000000     
  0.66663278294007033       0.63249999999999995     
  0.66663278294007033       0.63249999999999995     
   2.5946570807836161E-003  0.63249999999999995     
   2.5946570807836161E-003  0.63249999999999995     
   3.7100661464751494E-003  0.63249999999999995     
   3.7100661464751494E-003  0.63249999999999995     
  0.32852051686286499       0.63249999999999995     
  0.32852051686286499       0.63249999999999995     
   2.3816681097696690E-003  0.63249999999999995     
   2.3816681097696690E-003  0.63249999999999995     
  0.33722621239324968       0.63249999999999995     
  0.33722621239324968       0.63249999999999995     
  0.33568236273066770       0.63249999999999995     
  0.33568236273066770       0.63249999999999995     
  0.47036648547761828       0.63249999999999995     
  0.47036648547761828       0.63249999999999995     
  0.66664927064980317       0.63500000000000001     
  0.66664927064980317       0.63500000000000001     
   1.9006962194986349E-003  0.63500000000000001     
   1.9006962194986349E-003  0.63500000000000001     
   6.8707233363968223E-004  0.63500000000000001     
   6.8707233363968223E-004  0.63500000000000001     
  0.33714628754436349       0.63500000000000001     
  0.33714628754436349       0.63500000000000001     
   4.4643320128886776E-003  0.63500000000000001     
   4.4643320128886776E-003  0.63500000000000001     
  0.33179942814248942       0.63500000000000001     
  0.33179942814248942       0.63500000000000001     
  0.33354557583996136       0.63500000000000001     
  0.33354557583996136       0.63500000000000001     
  0.46962066414048442       0.63500000000000001     
  0.46962066414048442       0.63500000000000001     
  0.66664896599838031       0.63749999999999996     
  0.66664896599838031       0.63749999999999996     
   2.7084235816381003E-003  0.63749999999999996     
   2.7084235816381003E-003  0.63749999999999996     
   2.1343882962140959E-003  0.63749999999999996     
   2.1343882962140959E-003  0.63749999999999996     
  0.33345281274229749       0.63749999999999996     
  0.33345281274229749       0.63749999999999996     
   2.6259883420923225E-004  0.63749999999999996     
   2.6259883420923225E-004  0.63749999999999996     
  0.33000858489412477       0.63749999999999996     
  0.33000858489412477       0.63749999999999996     
  0.33686049889116781       0.63749999999999996     
  0.33686049889116781       0.63749999999999996     
  0.47116421761866051       0.63749999999999996     
  0.47116421761866051       0.63749999999999996     
  0.66659129947304230       0.64000000000000001     
  0.66659129947304230       0.64000000000000001     
   2.9798856402866725E-003  0.64000000000000001     
   2.9798856402866725E-003  0.64000000000000001     
   1.6576641788309185E-003  0.64000000000000001     
   1.6576641788309185E-003  0.64000000000000001     
  0.34096270584264748       0.64000000000000001     
  0.34096270584264748       0.64000000000000001     
   6.7741598012797111E-003  0.64000000000000001     
   6.7741598012797111E-003  0.64000000000000001     
  0.33392476579661801       0.64000000000000001     
  0.33392476579661801       0.64000000000000001     
  0.32713584791523043       0.64000000000000001     
  0.32713584791523043       0.64000000000000001     
  0.46991414937339676       0.64000000000000001     
  0.46991414937339676       0.64000000000000001     
  0.66663160591063331       0.64249999999999996     
  0.66663160591063331       0.64249999999999996     
   6.4688574789064368E-003  0.64249999999999996     
   6.4688574789064368E-003  0.64249999999999996     
   4.3918441245226481E-003  0.64249999999999996     
   4.3918441245226481E-003  0.64249999999999996     
  0.33484016197403860       0.64249999999999996     
  0.33484016197403860       0.64249999999999996     
   2.1524325455113402E-003  0.64249999999999996     
   2.1524325455113402E-003  0.64249999999999996     
  0.33173701702054015       0.64249999999999996     
  0.33173701702054015       0.64249999999999996     
  0.32877931134232830       0.64249999999999996     
  0.32877931134232830       0.64249999999999996     
  0.47462962468388559       0.64249999999999996     
  0.47462962468388559       0.64249999999999996     
  0.66660744887585544       0.64500000000000002     
  0.66660744887585544       0.64500000000000002     
   5.7206027543821036E-003  0.64500000000000002     
   5.7206027543821036E-003  0.64500000000000002     
   2.6130800747400096E-003  0.64500000000000002     
   2.6130800747400096E-003  0.64500000000000002     
  0.32742170905322121       0.64500000000000002     
  0.32742170905322121       0.64500000000000002     
   2.7210427251845304E-003  0.64500000000000002     
   2.7210427251845304E-003  0.64500000000000002     
  0.33517664231364586       0.64500000000000002     
  0.33517664231364586       0.64500000000000002     
  0.33945682379893388       0.64500000000000002     
  0.33945682379893388       0.64500000000000002     
  0.46990235508481498       0.64500000000000002     
  0.46990235508481498       0.64500000000000002     
  0.66664848731238946       0.64749999999999996     
  0.66664848731238946       0.64749999999999996     
   2.3717481749949421E-003  0.64749999999999996     
   2.3717481749949421E-003  0.64749999999999996     
   1.4587453677276097E-003  0.64749999999999996     
   1.4587453677276097E-003  0.64749999999999996     
  0.33596133235509978       0.64749999999999996     
  0.33596133235509978       0.64749999999999996     
   2.7608679065367903E-003  0.64749999999999996     
   2.7608679065367903E-003  0.64749999999999996     
  0.32993785275453558       0.64749999999999996     
  0.32993785275453558       0.64749999999999996     
  0.33541933506428839       0.64749999999999996     
  0.33541933506428839       0.64749999999999996     
  0.47045642635161561       0.64749999999999996     
  0.47045642635161561       0.64749999999999996     
  0.66665975794724797       0.65000000000000002     
  0.66665975794724797       0.65000000000000002     
   1.6230261375662636E-003  0.65000000000000002     
   1.6230261375662636E-003  0.65000000000000002     
   2.6190162146848758E-003  0.65000000000000002     
   2.6190162146848758E-003  0.65000000000000002     
  0.33461595444903175       0.65000000000000002     
  0.33461595444903175       0.65000000000000002     
   1.9497866813172893E-004  0.65000000000000002     
   1.9497866813172893E-004  0.65000000000000002     
  0.33119893010429252       0.65000000000000002     
  0.33119893010429252       0.65000000000000002     
  0.33261566065066300       0.65000000000000002     
  0.33261566065066300       0.65000000000000002     
  0.47250550660987622       0.65000000000000002     
  0.47250550660987622       0.65000000000000002     
  0.66665112419237627       0.65249999999999997     
  0.66665112419237627       0.65249999999999997     
   1.5598175893201394E-003  0.65249999999999997     
   1.5598175893201394E-003  0.65249999999999997     
   2.3120694960964971E-003  0.65249999999999997     
   2.3120694960964971E-003  0.65249999999999997     
  0.33128957960805250       0.65249999999999997     
  0.33128957960805250       0.65249999999999997     
   2.2006586587768329E-003  0.65249999999999997     
   2.2006586587768329E-003  0.65249999999999997     
  0.33112970870900199       0.65249999999999997     
  0.33112970870900199       0.65249999999999997     
  0.33655508829913455       0.65249999999999997     
  0.33655508829913455       0.65249999999999997     
  0.47211717201893011       0.65249999999999997     
  0.47211717201893011       0.65249999999999997     
  0.66664699485836221       0.65500000000000003     
  0.66664699485836221       0.65500000000000003     
   2.8068751170956252E-003  0.65500000000000003     
   2.8068751170956252E-003  0.65500000000000003     
   2.3037216899528812E-003  0.65500000000000003     
   2.3037216899528812E-003  0.65500000000000003     
  0.33323625096243087       0.65500000000000003     
  0.33323625096243087       0.65500000000000003     
   3.0532201405042425E-004  0.65500000000000003     
   3.0532201405042425E-004  0.65500000000000003     
  0.33686535907111992       0.65500000000000003     
  0.33686535907111992       0.65500000000000003     
  0.32964167444610315       0.65500000000000003     
  0.32964167444610315       0.65500000000000003     
  0.47157201657597420       0.65500000000000003     
  0.47157201657597420       0.65500000000000003     
  0.66665684712026918       0.65749999999999997     
  0.66665684712026918       0.65749999999999997     
   3.1915747301128616E-003  0.65749999999999997     
   3.1915747301128616E-003  0.65749999999999997     
   3.1965809450178184E-004  0.65749999999999997     
   3.1965809450178184E-004  0.65749999999999997     
  0.33406285581266859       0.65749999999999997     
  0.33406285581266859       0.65749999999999997     
   4.9069954308378350E-004  0.65749999999999997     
   4.9069954308378350E-004  0.65749999999999997     
  0.33430139712321377       0.65749999999999997     
  0.33430139712321377       0.65749999999999997     
  0.33022658582516218       0.65749999999999997     
  0.33022658582516218       0.65749999999999997     
  0.47239080160033886       0.65749999999999997     
  0.47239080160033886       0.65749999999999997     
  0.66664266717700404       0.66000000000000003     
  0.66664266717700404       0.66000000000000003     
   1.8055210648603159E-003  0.66000000000000003     
   1.8055210648603159E-003  0.66000000000000003     
   4.8372130188525098E-003  0.66000000000000003     
   4.8372130188525098E-003  0.66000000000000003     
  0.33085917070015336       0.66000000000000003     
  0.33085917070015336       0.66000000000000003     
   1.0198338996203482E-004  0.66000000000000003     
   1.0198338996203482E-004  0.66000000000000003     
  0.33785263054490350       0.66000000000000003     
  0.33785263054490350       0.66000000000000003     
  0.33361244595547068       0.66000000000000003     
  0.33361244595547068       0.66000000000000003     
  0.46973545168217196       0.66000000000000003     
  0.46973545168217196       0.66000000000000003     
  0.66663526745351442       0.66249999999999998     
  0.66663526745351442       0.66249999999999998     
   3.0827528772560397E-003  0.66249999999999998     
   3.0827528772560397E-003  0.66249999999999998     
   2.7083209758804218E-003  0.66249999999999998     
   2.7083209758804218E-003  0.66249999999999998     
  0.32853252926578835       0.66249999999999998     
  0.32853252926578835       0.66249999999999998     
   6.4418591249477131E-003  0.66249999999999998     
   6.4418591249477131E-003  0.66249999999999998     
  0.33381185401820668       0.66249999999999998     
  0.33381185401820668       0.66249999999999998     
  0.33329357276733024       0.66249999999999998     
  0.33329357276733024       0.66249999999999998     
  0.47443699903892633       0.66249999999999998     
  0.47443699903892633       0.66249999999999998     
  0.66665145303197637       0.66500000000000004     
  0.66665145303197637       0.66500000000000004     
   3.3869954957731208E-003  0.66500000000000004     
   3.3869954957731208E-003  0.66500000000000004     
   3.0347828730338429E-003  0.66500000000000004     
   3.0347828730338429E-003  0.66500000000000004     
  0.33551630770787982       0.66500000000000004     
  0.33551630770787982       0.66500000000000004     
   4.2082063589726215E-003  0.66500000000000004     
   4.2082063589726215E-003  0.66500000000000004     
  0.33384911198248562       0.66500000000000004     
  0.33384911198248562       0.66500000000000004     
  0.33435216713762528       0.66500000000000004     
  0.33435216713762528       0.66500000000000004     
  0.46874259423323955       0.66500000000000004     
  0.46874259423323955       0.66500000000000004     
  0.66666339068456271       0.66749999999999998     
  0.66666339068456271       0.66749999999999998     
   1.9780982738138997E-003  0.66749999999999998     
   1.9780982738138997E-003  0.66749999999999998     
   1.5135410092721180E-003  0.66749999999999998     
   1.5135410092721180E-003  0.66749999999999998     
  0.33309875273656542       0.66749999999999998     
  0.33309875273656542       0.66749999999999998     
   1.3815963025608502E-003  0.66749999999999998     
   1.3815963025608502E-003  0.66749999999999998     
  0.33291305384353731       0.66749999999999998     
  0.33291305384353731       0.66749999999999998     
  0.33225675511158420       0.66749999999999998     
  0.33225675511158420       0.66749999999999998     
  0.47262177618643947       0.66749999999999998     
  0.47262177618643947       0.66749999999999998     
  0.66665038252852560       0.67000000000000004     
  0.66665038252852560       0.67000000000000004     
   3.9990920315994549E-003  0.67000000000000004     
   3.9990920315994549E-003  0.67000000000000004     
   3.1245869298350201E-004  0.67000000000000004     
   3.1245869298350201E-004  0.67000000000000004     
  0.33452150114507484       0.67000000000000004     
  0.33452150114507484       0.67000000000000004     
   2.5376986945070956E-003  0.67000000000000004     
   2.5376986945070956E-003  0.67000000000000004     
  0.33132824042357206       0.67000000000000004     
  0.33132824042357206       0.67000000000000004     
  0.33656977978855762       0.67000000000000004     
  0.33656977978855762       0.67000000000000004     
  0.46967270199414296       0.67000000000000004     
  0.46967270199414296       0.67000000000000004     
  0.66661668968619847       0.67249999999999999     
  0.66661668968619847       0.67249999999999999     
   7.4012442574560300E-003  0.67249999999999999     
   7.4012442574560300E-003  0.67249999999999999     
   6.1913827936301048E-003  0.67249999999999999     
   6.1913827936301048E-003  0.67249999999999999     
  0.33167266743053614       0.67249999999999999     
  0.33167266743053614       0.67249999999999999     
   3.0453424699500853E-003  0.67249999999999999     
   3.0453424699500853E-003  0.67249999999999999     
  0.33621522252483660       0.67249999999999999     
  0.33621522252483660       0.67249999999999999     
  0.33791385144056563       0.67249999999999999     
  0.33791385144056563       0.67249999999999999     
  0.46721147483107406       0.67249999999999999     
  0.46721147483107406       0.67249999999999999     
  0.66663032618304274       0.67500000000000004     
  0.66663032618304274       0.67500000000000004     
   3.3275105885989809E-003  0.67500000000000004     
   3.3275105885989809E-003  0.67500000000000004     
   3.0473347435991255E-003  0.67500000000000004     
   3.0473347435991255E-003  0.67500000000000004     
  0.33842485882930562       0.67500000000000004     
  0.33842485882930562       0.67500000000000004     
   2.7353292163743159E-003  0.67500000000000004     
   2.7353292163743159E-003  0.67500000000000004     
  0.33037044950728189       0.67500000000000004     
  0.33037044950728189       0.67500000000000004     
  0.32996497071712760       0.67500000000000004     
  0.32996497071712760       0.67500000000000004     
  0.47225335449662459       0.67500000000000004     
  0.47225335449662459       0.67500000000000004     
  0.66661845672267661       0.67749999999999999     
  0.66661845672267661       0.67749999999999999     
   6.7858797219203099E-003  0.67749999999999999     
   6.7858797219203099E-003  0.67749999999999999     
   1.6256159794796610E-003  0.67749999999999999     
   1.6256159794796610E-003  0.67749999999999999     
  0.33006320326110400       0.67749999999999999     
  0.33006320326110400       0.67749999999999999     
   5.9163370048296304E-003  0.67749999999999999     
   5.9163370048296304E-003  0.67749999999999999     
  0.33600970600570285       0.67749999999999999     
  0.33600970600570285       0.67749999999999999     
  0.32881832016128976       0.67749999999999999     
  0.32881832016128976       0.67749999999999999     
  0.47494249659830856       0.67749999999999999     
  0.47494249659830856       0.67749999999999999     
  0.66662082735959260       0.68000000000000005     
  0.66662082735959260       0.68000000000000005     
   4.9975187960431822E-003  0.68000000000000005     
   4.9975187960431822E-003  0.68000000000000005     
   6.5978483453041359E-004  0.68000000000000005     
   6.5978483453041359E-004  0.68000000000000005     
  0.33744780034270161       0.68000000000000005     
  0.33744780034270161       0.68000000000000005     
   5.2777851798076481E-003  0.68000000000000005     
   5.2777851798076481E-003  0.68000000000000005     
  0.32890912003229411       0.68000000000000005     
  0.32890912003229411       0.68000000000000005     
  0.33705917755624420       0.68000000000000005     
  0.33705917755624420       0.68000000000000005     
  0.46893736760463356       0.68000000000000005     
  0.46893736760463356       0.68000000000000005     
  0.66664283932444934       0.68250000000000000     
  0.66664283932444934       0.68250000000000000     
   2.7269890715876932E-003  0.68250000000000000     
   2.7269890715876932E-003  0.68250000000000000     
   1.0935224054035002E-003  0.68250000000000000     
   1.0935224054035002E-003  0.68250000000000000     
  0.32905941145897111       0.68250000000000000     
  0.32905941145897111       0.68250000000000000     
   2.7271250108324430E-003  0.68250000000000000     
   2.7271250108324430E-003  0.68250000000000000     
  0.33454797198501796       0.68250000000000000     
  0.33454797198501796       0.68250000000000000     
  0.33681423751400230       0.68250000000000000     
  0.33681423751400230       0.68250000000000000     
  0.47108910726989839       0.68250000000000000     
  0.47108910726989839       0.68250000000000000     
  0.66666301860139554       0.68500000000000005     
  0.66666301860139554       0.68500000000000005     
   2.0921815317445636E-003  0.68500000000000005     
   2.0921815317445636E-003  0.68500000000000005     
   9.7137907312721400E-004  0.68500000000000005     
   9.7137907312721400E-004  0.68500000000000005     
  0.33392107718814940       0.68500000000000005     
  0.33392107718814940       0.68500000000000005     
   4.6443651858601998E-004  0.68500000000000005     
   4.6443651858601998E-004  0.68500000000000005     
  0.33320964680621812       0.68500000000000005     
  0.33320964680621812       0.68500000000000005     
  0.33162038243990655       0.68500000000000005     
  0.33162038243990655       0.68500000000000005     
  0.47228255807922770       0.68500000000000005     
  0.47228255807922770       0.68500000000000005     
  0.66664514712409273       0.68750000000000000     
  0.66664514712409273       0.68750000000000000     
   4.3865003342771769E-004  0.68750000000000000     
   4.3865003342771769E-004  0.68750000000000000     
   3.4601998945364429E-003  0.68750000000000000     
   3.4601998945364429E-003  0.68750000000000000     
  0.33611971778549526       0.68750000000000000     
  0.33611971778549526       0.68750000000000000     
   3.6118251837337634E-003  0.68750000000000000     
   3.6118251837337634E-003  0.68750000000000000     
  0.33590815038761068       0.68750000000000000     
  0.33590815038761068       0.68750000000000000     
  0.33032480732366337       0.68750000000000000     
  0.33032480732366337       0.68750000000000000     
  0.46971669411111194       0.68750000000000000     
  0.46971669411111194       0.68750000000000000     
  0.66664104729353779       0.68999999999999995     
  0.66664104729353779       0.68999999999999995     
   2.8605286738232483E-003  0.68999999999999995     
   2.8605286738232483E-003  0.68999999999999995     
   5.8330413536543842E-003  0.68999999999999995     
   5.8330413536543842E-003  0.68999999999999995     
  0.33361293037973599       0.68999999999999995     
  0.33361293037973599       0.68999999999999995     
   3.1709174364069614E-003  0.68999999999999995     
   3.1709174364069614E-003  0.68999999999999995     
  0.33737515975175558       0.68999999999999995     
  0.33737515975175558       0.68999999999999995     
  0.33316586566734246       0.68999999999999995     
  0.33316586566734246       0.68999999999999995     
  0.46842111040584994       0.68999999999999995     
  0.46842111040584994       0.68999999999999995     
  0.66660340062391321       0.69250000000000000     
  0.66660340062391321       0.69250000000000000     
   6.3542883348404536E-003  0.69250000000000000     
   6.3542883348404536E-003  0.69250000000000000     
   2.2211456441611488E-003  0.69250000000000000     
   2.2211456441611488E-003  0.69250000000000000     
  0.33134547761239186       0.69250000000000000     
  0.33134547761239186       0.69250000000000000     
   6.0933833535137261E-004  0.69250000000000000     
   6.0933833535137261E-004  0.69250000000000000     
  0.32898534879750380       0.69250000000000000     
  0.32898534879750380       0.69250000000000000     
  0.34100233167124838       0.69250000000000000     
  0.34100233167124838       0.69250000000000000     
  0.47041514979422472       0.69250000000000000     
  0.47041514979422472       0.69250000000000000     
  0.66662710416558091       0.69499999999999995     
  0.66662710416558091       0.69499999999999995     
   4.9143959421837913E-003  0.69499999999999995     
   4.9143959421837913E-003  0.69499999999999995     
   1.6710155964411938E-003  0.69499999999999995     
   1.6710155964411938E-003  0.69499999999999995     
  0.33121742497834605       0.69499999999999995     
  0.33121742497834605       0.69499999999999995     
   9.7676180449735028E-004  0.69499999999999995     
   9.7676180449735028E-004  0.69499999999999995     
  0.33020810262147482       0.69499999999999995     
  0.33020810262147482       0.69499999999999995     
  0.33943198236903321       0.69499999999999995     
  0.33943198236903321       0.69499999999999995     
  0.47076950426933312       0.69499999999999995     
  0.47076950426933312       0.69499999999999995     
  0.66666418204948963       0.69750000000000001     
  0.66666418204948963       0.69750000000000001     
   8.6176968039348989E-004  0.69750000000000001     
   8.6176968039348989E-004  0.69750000000000001     
   5.9309025982906549E-004  0.69750000000000001     
   5.9309025982906549E-004  0.69750000000000001     
  0.33195755429376000       0.69750000000000001     
  0.33195755429376000       0.69750000000000001     
   1.7809743320359034E-003  0.69750000000000001     
   1.7809743320359034E-003  0.69750000000000001     
  0.33363691915174659       0.69750000000000001     
  0.33363691915174659       0.69750000000000001     
  0.33325929019246014       0.69750000000000001     
  0.33325929019246014       0.69750000000000001     
  0.47221118160190378       0.69750000000000001     
  0.47221118160190378       0.69750000000000001     
  0.66665992795168627       0.69999999999999996     
  0.66665992795168627       0.69999999999999996     
   6.8711840494328769E-004  0.69999999999999996     
   6.8711840494328769E-004  0.69999999999999996     
   1.8219314052880793E-003  0.69999999999999996     
   1.8219314052880793E-003  0.69999999999999996     
  0.33203255614252097       0.69999999999999996     
  0.33203255614252097       0.69999999999999996     
   1.6146231575168146E-003  0.69999999999999996     
   1.6146231575168146E-003  0.69999999999999996     
  0.33173681034128988       0.69999999999999996     
  0.33173681034128988       0.69999999999999996     
  0.33526439052836204       0.69999999999999996     
  0.33526439052836204       0.69999999999999996     
  0.47208152342894927       0.69999999999999996     
  0.47208152342894927       0.69999999999999996     
  0.66663475630405211       0.70250000000000001     
  0.66663475630405211       0.70250000000000001     
   2.9269367464260232E-004  0.70250000000000001     
   2.9269367464260232E-004  0.70250000000000001     
   5.5131896912589250E-003  0.70250000000000001     
   5.5131896912589250E-003  0.70250000000000001     
  0.33505817653617942       0.70250000000000001     
  0.33505817653617942       0.70250000000000001     
   3.3650924275635541E-004  0.70250000000000001     
   3.3650924275635541E-004  0.70250000000000001     
  0.32767847582154580       0.70250000000000001     
  0.32767847582154580       0.70250000000000001     
  0.33511859265047617       0.70250000000000001     
  0.33511859265047617       0.70250000000000001     
  0.47289093383340330       0.70250000000000001     
  0.47289093383340330       0.70250000000000001     
  0.66659830310843016       0.70499999999999996     
  0.66659830310843016       0.70499999999999996     
   8.4458717677215328E-003  0.70499999999999996     
   8.4458717677215328E-003  0.70499999999999996     
   4.1339038308130238E-004  0.70499999999999996     
   4.1339038308130238E-004  0.70499999999999996     
  0.33387871018522669       0.70499999999999996     
  0.33387871018522669       0.70499999999999996     
   2.5222896554793484E-003  0.70499999999999996     
   2.5222896554793484E-003  0.70499999999999996     
  0.33675694384629701       0.70499999999999996     
  0.33675694384629701       0.70499999999999996     
  0.32537085153852174       0.70499999999999996     
  0.32537085153852174       0.70499999999999996     
  0.47415438143637989       0.70499999999999996     
  0.47415438143637989       0.70499999999999996     
  0.66665198209669296       0.70750000000000002     
  0.66665198209669296       0.70750000000000002     
   3.2096102991345660E-003  0.70750000000000002     
   3.2096102991345660E-003  0.70750000000000002     
   2.8017771877758835E-003  0.70750000000000002     
   2.8017771877758835E-003  0.70750000000000002     
  0.33097790629808704       0.70750000000000002     
  0.33097790629808704       0.70750000000000002     
   4.2162170120623316E-003  0.70750000000000002     
   4.2162170120623316E-003  0.70750000000000002     
  0.33296994029483817       0.70750000000000002     
  0.33296994029483817       0.70750000000000002     
  0.33239922133625510       0.70750000000000002     
  0.33239922133625510       0.70750000000000002     
  0.47395629850034798       0.70750000000000002     
  0.47395629850034798       0.70750000000000002     
  0.66661839373618959       0.70999999999999996     
  0.66661839373618959       0.70999999999999996     
   4.0636169998118921E-003  0.70999999999999996     
   4.0636169998118921E-003  0.70999999999999996     
   1.8409602006075783E-003  0.70999999999999996     
   1.8409602006075783E-003  0.70999999999999996     
  0.33929568639607016       0.70999999999999996     
  0.33929568639607016       0.70999999999999996     
   7.6029950994055406E-003  0.70999999999999996     
   7.6029950994055406E-003  0.70999999999999996     
  0.33111002433837838       0.70999999999999996     
  0.33111002433837838       0.70999999999999996     
  0.33433942001110195       0.70999999999999996     
  0.33433942001110195       0.70999999999999996     
  0.46797854094643632       0.70999999999999996     
  0.46797854094643632       0.70999999999999996     
  0.66662375094142012       0.71250000000000002     
  0.66662375094142012       0.71250000000000002     
   2.0595544557341916E-003  0.71250000000000002     
   2.0595544557341916E-003  0.71250000000000002     
   2.5289399300412810E-003  0.71250000000000002     
   2.5289399300412810E-003  0.71250000000000002     
  0.33851347015044148       0.71250000000000002     
  0.33851347015044148       0.71250000000000002     
   5.0255474395027866E-003  0.71250000000000002     
   5.0255474395027866E-003  0.71250000000000002     
  0.33505947330629493       0.71250000000000002     
  0.33505947330629493       0.71250000000000002     
  0.32841697794441538       0.71250000000000002     
  0.32841697794441538       0.71250000000000002     
  0.46996054496926432       0.71250000000000002     
  0.46996054496926432       0.71250000000000002     
  0.66664241738696317       0.71499999999999997     
  0.66664241738696317       0.71499999999999997     
   4.1174836537934342E-003  0.71499999999999997     
   4.1174836537934342E-003  0.71499999999999997     
   2.7251375628133123E-003  0.71499999999999997     
   2.7251375628133123E-003  0.71499999999999997     
  0.33664950197819288       0.71499999999999997     
  0.33664950197819288       0.71499999999999997     
   8.8404699265801079E-004  0.71499999999999997     
   8.8404699265801079E-004  0.71499999999999997     
  0.33162957828780371       0.71499999999999997     
  0.33162957828780371       0.71499999999999997     
  0.32963070605740780       0.71499999999999997     
  0.32963070605740780       0.71499999999999997     
  0.47285856564635453       0.71499999999999997     
  0.47285856564635453       0.71499999999999997     
  0.66663702816550696       0.71750000000000003     
  0.66663702816550696       0.71750000000000003     
   3.6988638890723888E-003  0.71750000000000003     
   3.6988638890723888E-003  0.71750000000000003     
   3.6699678257951229E-003  0.71750000000000003     
   3.6699678257951229E-003  0.71750000000000003     
  0.32931222772326446       0.71750000000000003     
  0.32931222772326446       0.71750000000000003     
   1.2804221680208783E-003  0.71750000000000003     
   1.2804221680208783E-003  0.71750000000000003     
  0.33641184473486452       0.71750000000000003     
  0.33641184473486452       0.71750000000000003     
  0.33645198243440305       0.71750000000000003     
  0.33645198243440305       0.71750000000000003     
  0.46983703339918215       0.71750000000000003     
  0.46983703339918215       0.71750000000000003     
  0.66664317325452371       0.71999999999999997     
  0.66664317325452371       0.71999999999999997     
   4.8155034553643561E-003  0.71999999999999997     
   4.8155034553643561E-003  0.71999999999999997     
   1.5756575796650567E-004  0.71999999999999997     
   1.5756575796650567E-004  0.71999999999999997     
  0.33433444923168759       0.71999999999999997     
  0.33433444923168759       0.71999999999999997     
   2.5693558577636333E-003  0.71999999999999997     
   2.5693558577636333E-003  0.71999999999999997     
  0.33085924797084382       0.71999999999999997     
  0.33085924797084382       0.71999999999999997     
  0.33747603709772439       0.71999999999999997     
  0.33747603709772439       0.71999999999999997     
  0.46948864378234206       0.71999999999999997     
  0.46948864378234206       0.71999999999999997     
  0.66665545914627788       0.72250000000000003     
  0.66665545914627788       0.72250000000000003     
   3.3276234853940601E-003  0.72250000000000003     
   3.3276234853940601E-003  0.72250000000000003     
   4.4471514758456440E-004  0.72250000000000003     
   4.4471514758456440E-004  0.72250000000000003     
  0.33451282688607958       0.72250000000000003     
  0.33451282688607958       0.72250000000000003     
   1.5092101177593964E-004  0.72250000000000003     
   1.5092101177593964E-004  0.72250000000000003     
  0.33410349615249701       0.72250000000000003     
  0.33410349615249701       0.72250000000000003     
  0.33000477473737838       0.72250000000000003     
  0.33000477473737838       0.72250000000000003     
  0.47236854300971648       0.72250000000000003     
  0.47236854300971648       0.72250000000000003     
  0.66664836045585163       0.72499999999999998     
  0.66664836045585163       0.72499999999999998     
   7.0223209353162397E-004  0.72499999999999998     
   7.0223209353162397E-004  0.72499999999999998     
   4.2638190957939130E-003  0.72499999999999998     
   4.2638190957939130E-003  0.72499999999999998     
  0.33170711455059543       0.72499999999999998     
  0.33170711455059543       0.72499999999999998     
   3.2049372571955614E-003  0.72499999999999998     
   3.2049372571955614E-003  0.72499999999999998     
  0.33019690488770193       0.72499999999999998     
  0.33019690488770193       0.72499999999999998     
  0.33519700978861638       0.72499999999999998     
  0.33519700978861638       0.72499999999999998     
  0.47342828547406773       0.72499999999999998     
  0.47342828547406773       0.72499999999999998     
  0.66663559129767969       0.72750000000000004     
  0.66663559129767969       0.72750000000000004     
   1.5512570437749562E-003  0.72750000000000004     
   1.5512570437749562E-003  0.72750000000000004     
   2.3421145433245097E-003  0.72750000000000004     
   2.3421145433245097E-003  0.72750000000000004     
  0.33849505380090050       0.72750000000000004     
  0.33849505380090050       0.72750000000000004     
   6.1803116894221244E-003  0.72750000000000004     
   6.1803116894221244E-003  0.72750000000000004     
  0.33310035534208376       0.72750000000000004     
  0.33310035534208376       0.72750000000000004     
  0.33195547262622566       0.72750000000000004     
  0.33195547262622566       0.72750000000000004     
  0.46885144809843970       0.72750000000000004     
  0.46885144809843970       0.72750000000000004     
  0.66663482102552873       0.72999999999999998     
  0.66663482102552873       0.72999999999999998     
   3.8099604799984865E-004  0.72999999999999998     
   3.8099604799984865E-004  0.72999999999999998     
   2.9560628055297772E-003  0.72999999999999998     
   2.9560628055297772E-003  0.72999999999999998     
  0.33798894147128089       0.72999999999999998     
  0.33798894147128089       0.72999999999999998     
   3.5413060140079278E-003  0.72999999999999998     
   3.5413060140079278E-003  0.72999999999999998     
  0.32879014507274429       0.72999999999999998     
  0.32879014507274429       0.72999999999999998     
  0.33360970566436360       0.72999999999999998     
  0.33360970566436360       0.72999999999999998     
  0.47110681954193678       0.72999999999999998     
  0.47110681954193678       0.72999999999999998     
  0.66663912568589834       0.73250000000000004     
  0.66663912568589834       0.73250000000000004     
   5.9978640167600503E-003  0.73250000000000004     
   5.9978640167600503E-003  0.73250000000000004     
   2.3928707276382188E-003  0.73250000000000004     
   2.3928707276382188E-003  0.73250000000000004     
  0.33289487878050272       0.73250000000000004     
  0.33289487878050272       0.73250000000000004     
   2.3881214275619927E-003  0.73250000000000004     
   2.3881214275619927E-003  0.73250000000000004     
  0.33290173840221965       0.73250000000000004     
