  0.66654862401500936        0.0000000000000000     
  0.66654873766255818        1.0000000000000000E-004
  0.66654885803434571        2.0000000000000001E-004
  0.66654898512753746        2.9999999999999997E-004
  0.66654911893929802        4.0000000000000002E-004
  0.66654925946679233        5.0000000000000001E-004
  0.66654940670718565        5.9999999999999995E-004
  0.66654956065764281        6.9999999999999999E-004
  0.66654972131532852        8.0000000000000004E-004
  0.66654988867740828        8.9999999999999998E-004
  0.66655006274104656        1.0000000000000000E-003
  0.66655024350340852        1.1000000000000001E-003
  0.66655043096165933        1.1999999999999999E-003
  0.66655062511296381        1.2999999999999999E-003
  0.66655082595448667        1.4000000000000000E-003
  0.66655103348339328        1.5000000000000000E-003
  0.66655124769684826        1.6000000000000001E-003
  0.66655146859201675        1.6999999999999999E-003
  0.66655169616606391        1.8000000000000000E-003
  0.66655193041615435        1.9000000000000000E-003
  0.66655217133945333        2.0000000000000000E-003
  0.66655241893312556        2.0999999999999999E-003
  0.66655267319433609        2.2000000000000001E-003
  0.66655293412025007        2.3000000000000000E-003
  0.66655320170803223        2.3999999999999998E-003
  0.66655347595484771        2.5000000000000001E-003
  0.66655375685786145        2.5999999999999999E-003
  0.66655404441423838        2.7000000000000001E-003
  0.66655433862114344        2.8000000000000000E-003
  0.66655463947574145        2.8999999999999998E-003
  0.66655494697519779        3.0000000000000001E-003
  0.66655526111667718        3.0999999999999999E-003
  0.66655558189734454        3.2000000000000002E-003
  0.66655590931436492        3.3000000000000000E-003
  0.66655624336490327        3.3999999999999998E-003
  0.66655658404612450        3.5000000000000001E-003
  0.66655693135519367        3.5999999999999999E-003
  0.66655728528927571        3.7000000000000002E-003
  0.66655764584553556        3.8000000000000000E-003
  0.66655801302113837        3.8999999999999998E-003
  0.66655838681324875        4.0000000000000001E-003
  0.66655876721903207        4.1000000000000003E-003
  0.66655915423565304        4.1999999999999997E-003
  0.66655954786027671        4.3000000000000000E-003
  0.66655994809006791        4.4000000000000003E-003
  0.66656035492219179        4.4999999999999997E-003
  0.66656076835381328        4.5999999999999999E-003
  0.66656118838209744        4.7000000000000002E-003
  0.66656161500420907        4.7999999999999996E-003
  0.66656204821731313        4.8999999999999998E-003
  0.66656248801857465        5.0000000000000001E-003
  0.66656293440515868        5.1000000000000004E-003
  0.66656338737423004        5.1999999999999998E-003
  0.66656384692295378        5.3000000000000000E-003
  0.66656431304849495        5.4000000000000003E-003
  0.66656478574801836        5.4999999999999997E-003
  0.66656526501868907        5.5999999999999999E-003
  0.66656575085767200        5.7000000000000002E-003
  0.66656624326213210        5.7999999999999996E-003
  0.66656674222923451        5.8999999999999999E-003
  0.66656724775614384        6.0000000000000001E-003
  0.66656775984002536        6.1000000000000004E-003
  0.66656827847804412        6.1999999999999998E-003
  0.66656880366736493        6.3000000000000000E-003
  0.66656933540515262        6.4000000000000003E-003
  0.66656987368857235        6.4999999999999997E-003
  0.66657041851478904        6.6000000000000000E-003
  0.66657096988096776        6.7000000000000002E-003
  0.66657152778427320        6.7999999999999996E-003
  0.66657209222187064        6.8999999999999999E-003
  0.66657266319092479        7.0000000000000001E-003
  0.66657324068860080        7.1000000000000004E-003
  0.66657382471206372        7.1999999999999998E-003
  0.66657441525847827        7.3000000000000001E-003
  0.66657501232500949        7.4000000000000003E-003
  0.66657561590882242        7.4999999999999997E-003
  0.66657622600708200        7.6000000000000000E-003
  0.66657684261695316        7.7000000000000002E-003
  0.66657746573560095        7.7999999999999996E-003
  0.66657809536019030        7.9000000000000008E-003
  0.66657873148788604        8.0000000000000002E-003
  0.66657937411585333        8.0999999999999996E-003
  0.66658002324125720        8.2000000000000007E-003
  0.66658067886126249        8.3000000000000001E-003
  0.66658134097303401        8.3999999999999995E-003
  0.66658200957373692        8.5000000000000006E-003
  0.66658268466053616        8.6000000000000000E-003
  0.66658336623059677        8.6999999999999994E-003
  0.66658405428108369        8.8000000000000005E-003
  0.66658474880916174        8.8999999999999999E-003
  0.66658544981199608        8.9999999999999993E-003
  0.66658615728675152        9.1000000000000004E-003
  0.66658687123059301        9.1999999999999998E-003
  0.66658759164068571        9.2999999999999992E-003
  0.66658831851419453        9.4000000000000004E-003
  0.66658905184828443        9.4999999999999998E-003
  0.66658979164012022        9.5999999999999992E-003
  0.66659053788686706        9.7000000000000003E-003
  0.66659129058568989        9.7999999999999997E-003
  0.66659204973375352        9.9000000000000008E-003
  0.66659281532822312        1.0000000000000000E-002
  0.66659358736626351        1.0100000000000000E-002
  0.66659436584503984        1.0200000000000001E-002
  0.66659515076171694        1.0300000000000000E-002
  0.66659594211345974        1.0400000000000000E-002
  0.66659673989743329        1.0500000000000001E-002
  0.66659754411080241        1.0600000000000000E-002
  0.66659835475073248        1.0699999999999999E-002
  0.66659917181438799        1.0800000000000001E-002
  0.66659999529893410        1.0900000000000000E-002
  0.66660082520153585        1.0999999999999999E-002
  0.66660166151935818        1.1100000000000000E-002
  0.66660250424956602        1.1200000000000000E-002
  0.66660335338932419        1.1299999999999999E-002
  0.66660420893579775        1.1400000000000000E-002
  0.66660507088615184        1.1500000000000000E-002
  0.66660593923755151        1.1599999999999999E-002
  0.66660681398716137        1.1700000000000000E-002
  0.66660769513214646        1.1800000000000000E-002
  0.66660858266967205        1.1900000000000001E-002
  0.66660947659690262        1.2000000000000000E-002
  0.66661037691100367        1.2100000000000000E-002
  0.66661128360913979        1.2200000000000001E-002
  0.66661219668847593        1.2300000000000000E-002
  0.66661311614617746        1.2400000000000000E-002
  0.66661404197940910        1.2500000000000001E-002
  0.66661497418533555        1.2600000000000000E-002
  0.66661591276112220        1.2699999999999999E-002
  0.66661685770393397        1.2800000000000001E-002
  0.66661780901093548        1.2900000000000000E-002
  0.66661876667929199        1.2999999999999999E-002
  0.66661973070616853        1.3100000000000001E-002
  0.66662070108872984        1.3200000000000000E-002
  0.66662167782414106        1.3299999999999999E-002
  0.66662266090956712        1.3400000000000000E-002
  0.66662365034217286        1.3500000000000000E-002
  0.66662464611912342        1.3599999999999999E-002
  0.66662564823758375        1.3700000000000000E-002
  0.66662665669471854        1.3800000000000000E-002
  0.66662767148769320        1.3899999999999999E-002
  0.66662869261367241        1.4000000000000000E-002
  0.66662972006982113        1.4100000000000000E-002
  0.66663075385330472        1.4200000000000001E-002
  0.66663179396128758        1.4300000000000000E-002
  0.66663284039093496        1.4400000000000000E-002
  0.66663389313941179        1.4500000000000001E-002
  0.66663495220388314        1.4600000000000000E-002
  0.66663601758151392        1.4700000000000000E-002
  0.66663708926946907        1.4800000000000001E-002
  0.66663816726491354        1.4900000000000000E-002
  0.66663925156501214        1.4999999999999999E-002
  0.66664034216693036        1.5100000000000001E-002
  0.66664143906783269        1.5200000000000000E-002
  0.66664254226488406        1.5299999999999999E-002
  0.66664365175524976        1.5400000000000000E-002
  0.66664476753609458        1.5500000000000000E-002
  0.66664588960458349        1.5599999999999999E-002
  0.66664701795788162        1.5699999999999999E-002
  0.66664815259315380        1.5800000000000002E-002
  0.66664929350756486        1.5900000000000001E-002
  0.66665044069828006        1.6000000000000000E-002
  0.66665159416246411        1.6100000000000000E-002
  0.66665275389728207        1.6199999999999999E-002
  0.66665391989989908        1.6299999999999999E-002
  0.66665509216747987        1.6400000000000001E-002
  0.66665627069718947        1.6500000000000001E-002
  0.66665745548619282        1.6600000000000000E-002
  0.66665864653165530        1.6700000000000000E-002
  0.66665984383074117        1.6799999999999999E-002
  0.66666104738061582        1.6899999999999998E-002
  0.66666225717844418        1.7000000000000001E-002
  0.66666347322139119        1.7100000000000001E-002
  0.66666469550662177        1.7200000000000000E-002
  0.66666592403130098        1.7299999999999999E-002
  0.66666715879259375        1.7399999999999999E-002
  0.66666839978766501        1.7500000000000002E-002
  0.66666964701367992        1.7600000000000001E-002
  0.66667090046780308        1.7700000000000000E-002
  0.66667216014719966        1.7800000000000000E-002
  0.66667342604903479        1.7899999999999999E-002
  0.66667469817047309        1.7999999999999999E-002
  0.66667597650867993        1.8100000000000002E-002
  0.66667726106082004        1.8200000000000001E-002
  0.66667855182405833        1.8300000000000000E-002
  0.66667984879555986        1.8400000000000000E-002
  0.66668115197248956        1.8499999999999999E-002
  0.66668246135201259        1.8599999999999998E-002
  0.66668377693129366        1.8700000000000001E-002
  0.66668509870749793        1.8800000000000001E-002
  0.66668642667779010        1.8900000000000000E-002
  0.66668776083933545        1.9000000000000000E-002
  0.66668910118929881        1.9099999999999999E-002
  0.66669044772484509        1.9199999999999998E-002
  0.66669180044313947        1.9300000000000001E-002
  0.66669315934134654        1.9400000000000001E-002
  0.66669452441663180        1.9500000000000000E-002
  0.66669589566615972        1.9599999999999999E-002
  0.66669727308709548        1.9699999999999999E-002
  0.66669865667660411        1.9800000000000002E-002
  0.66670004643185043        1.9900000000000001E-002
  0.66670144234999951        2.0000000000000000E-002
  0.66670284442821626        2.0100000000000000E-002
  0.66670425266366584        2.0199999999999999E-002
  0.66670566705351286        2.0299999999999999E-002
  0.66670708759492259        2.0400000000000001E-002
  0.66670851428505973        2.0500000000000001E-002
  0.66670994712108966        2.0600000000000000E-002
  0.66671138610017699        2.0700000000000000E-002
  0.66671283121948677        2.0799999999999999E-002
  0.66671428247618403        2.0899999999999998E-002
  0.66671573986743371        2.1000000000000001E-002
  0.66671720339040097        2.1100000000000001E-002
  0.66671867304225041        2.1200000000000000E-002
  0.66672014882014707        2.1299999999999999E-002
  0.66672163072125612        2.1399999999999999E-002
  0.66672311874274237        2.1499999999999998E-002
  0.66672461288177098        2.1600000000000001E-002
  0.66672611313550667        2.1700000000000001E-002
  0.66672761950111459        2.1800000000000000E-002
  0.66672913197575956        2.1899999999999999E-002
  0.66673065055660685        2.1999999999999999E-002
  0.66673217524082107        2.2100000000000002E-002
  0.66673370602556714        2.2200000000000001E-002
  0.66673524290801045        2.2300000000000000E-002
  0.66673678588531571        2.2400000000000000E-002
  0.66673833495464774        2.2499999999999999E-002
  0.66673989011317203        2.2599999999999999E-002
  0.66674145135805296        2.2700000000000001E-002
  0.66674301868645569        2.2800000000000001E-002
  0.66674459209554537        2.2900000000000000E-002
  0.66674617158248695        2.3000000000000000E-002
  0.66674775714444501        2.3099999999999999E-002
  0.66674934877858494        2.3199999999999998E-002
  0.66675094648207156        2.3300000000000001E-002
  0.66675255025206970        2.3400000000000001E-002
  0.66675416008574473        2.3500000000000000E-002
  0.66675577598026126        2.3599999999999999E-002
  0.66675739793278432        2.3699999999999999E-002
  0.66675902594047887        2.3800000000000002E-002
  0.66676066000051004        2.3900000000000001E-002
  0.66676230011004256        2.4000000000000000E-002
  0.66676394626624158        2.4100000000000000E-002
  0.66676559846627192        2.4199999999999999E-002
  0.66676725670729875        2.4299999999999999E-002
  0.66676892098648699        2.4400000000000002E-002
  0.66677059130100136        2.4500000000000001E-002
  0.66677226764800723        2.4600000000000000E-002
  0.66677395002466922        2.4700000000000000E-002
  0.66677563842815246        2.4799999999999999E-002
  0.66677733285562191        2.4899999999999999E-002
  0.66677903330424237        2.5000000000000001E-002
  0.66678073977117902        2.5100000000000001E-002
  0.66678245225359678        2.5200000000000000E-002
  0.66678417074866059        2.5300000000000000E-002
  0.66678589525353549        2.5399999999999999E-002
  0.66678762576538642        2.5499999999999998E-002
  0.66678936228137831        2.5600000000000001E-002
  0.66679110479867609        2.5700000000000001E-002
  0.66679285331444471        2.5800000000000000E-002
  0.66679460782584921        2.5899999999999999E-002
  0.66679636833005462        2.5999999999999999E-002
  0.66679813482422579        2.6100000000000002E-002
  0.66679990730552785        2.6200000000000001E-002
  0.66680168577112553        2.6300000000000000E-002
  0.66680347021818398        2.6400000000000000E-002
  0.66680526064386814        2.6499999999999999E-002
  0.66680705704534304        2.6599999999999999E-002
  0.66680885941977341        2.6700000000000002E-002
  0.66681066776432429        2.6800000000000001E-002
  0.66681248207616084        2.6900000000000000E-002
  0.66681430235244799        2.7000000000000000E-002
  0.66681612859035044        2.7099999999999999E-002
  0.66681796078703370        2.7199999999999998E-002
  0.66681979893966203        2.7300000000000001E-002
  0.66682164304540081        2.7400000000000001E-002
  0.66682349310141498        2.7500000000000000E-002
  0.66682534910486968        2.7600000000000000E-002
  0.66682721105292952        2.7699999999999999E-002
  0.66682907894275967        2.7799999999999998E-002
  0.66683095277152504        2.7900000000000001E-002
  0.66683283253639070        2.8000000000000001E-002
  0.66683471823452156        2.8100000000000000E-002
  0.66683660986308235        2.8199999999999999E-002
  0.66683850741923845        2.8299999999999999E-002
  0.66684041090015456        2.8400000000000002E-002
  0.66684232030299573        2.8500000000000001E-002
  0.66684423562492690        2.8600000000000000E-002
  0.66684615686311299        2.8700000000000000E-002
  0.66684808401471929        2.8799999999999999E-002
  0.66685001707691027        2.8899999999999999E-002
  0.66685195604685132        2.9000000000000001E-002
  0.66685390092170715        2.9100000000000001E-002
  0.66685585169864281        2.9200000000000000E-002
  0.66685780837482334        2.9300000000000000E-002
  0.66685977094741355        2.9399999999999999E-002
  0.66686173941357851        2.9499999999999998E-002
  0.66686371377048315        2.9600000000000001E-002
  0.66686569401529261        2.9700000000000001E-002
  0.66686768014517162        2.9800000000000000E-002
  0.66686967215728510        2.9899999999999999E-002
  0.66687167004879844        2.9999999999999999E-002
  0.66687367381687601        3.0099999999999998E-002
  0.66687568345868331        3.0200000000000001E-002
  0.66687769897138494        3.0300000000000001E-002
  0.66687972035214615        3.0400000000000000E-002
  0.66688174759813190        3.0499999999999999E-002
  0.66688378070650689        3.0599999999999999E-002
  0.66688581967443616        3.0700000000000002E-002
  0.66688786449908488        3.0800000000000001E-002
  0.66688991517761786        3.0900000000000000E-002
  0.66689197170720016        3.1000000000000000E-002
  0.66689403408499659        3.1099999999999999E-002
  0.66689610230817231        3.1199999999999999E-002
  0.66689817637389204        3.1300000000000001E-002
  0.66690025627932115        3.1399999999999997E-002
  0.66690234202162424        3.1500000000000000E-002
  0.66690443359796636        3.1600000000000003E-002
  0.66690653100551267        3.1699999999999999E-002
  0.66690863424142777        3.1800000000000002E-002
  0.66691074330287692        3.1899999999999998E-002
  0.66691285818702517        3.2000000000000001E-002
  0.66691497889103735        3.2099999999999997E-002
  0.66691710541207816        3.2199999999999999E-002
  0.66691923774731310        3.2300000000000002E-002
  0.66692137589390665        3.2399999999999998E-002
  0.66692351984902409        3.2500000000000001E-002
  0.66692566960983035        3.2599999999999997E-002
  0.66692782517349025        3.2700000000000000E-002
  0.66692998653716884        3.2800000000000003E-002
  0.66693215369803105        3.2899999999999999E-002
  0.66693432665324204        3.3000000000000002E-002
  0.66693650539996652        3.3099999999999997E-002
  0.66693868993536964        3.3200000000000000E-002
  0.66694088025661624        3.3300000000000003E-002
  0.66694307636087136        3.3399999999999999E-002
  0.66694527824529992        3.3500000000000002E-002
  0.66694748590706698        3.3599999999999998E-002
  0.66694969934333748        3.3700000000000001E-002
  0.66695191855127622        3.3799999999999997E-002
  0.66695414352804849        3.3900000000000000E-002
  0.66695637427081911        3.4000000000000002E-002
  0.66695861077675289        3.4099999999999998E-002
  0.66696085304301500        3.4200000000000001E-002
  0.66696310106677015        3.4299999999999997E-002
  0.66696535484518360        3.4400000000000000E-002
  0.66696761437542040        3.4500000000000003E-002
  0.66696987965464505        3.4599999999999999E-002
  0.66697215068002280        3.4700000000000002E-002
  0.66697442744871882        3.4799999999999998E-002
  0.66697670995789782        3.4900000000000000E-002
  0.66697899820472473        3.5000000000000003E-002
  0.66698129218636470        3.5099999999999999E-002
  0.66698359189998246        3.5200000000000002E-002
  0.66698589734274338        3.5299999999999998E-002
  0.66698820851181195        3.5400000000000001E-002
  0.66699052540435344        3.5499999999999997E-002
  0.66699284801753289        3.5600000000000000E-002
  0.66699517634851491        3.5700000000000003E-002
  0.66699751039446475        3.5799999999999998E-002
  0.66699985015254726        3.5900000000000001E-002
  0.66700219561992768        3.5999999999999997E-002
  0.66700454679377041        3.6100000000000000E-002
  0.66700690367124105        3.6200000000000003E-002
  0.66700926624950418        3.6299999999999999E-002
  0.66701163452572465        3.6400000000000002E-002
  0.66701400849706804        3.6499999999999998E-002
  0.66701638816069875        3.6600000000000001E-002
  0.66701877351378180        3.6700000000000003E-002
  0.66702116455348248        3.6799999999999999E-002
  0.66702356127696549        3.6900000000000002E-002
  0.66702596368139599        3.6999999999999998E-002
  0.66702837176393870        3.7100000000000001E-002
  0.66703078552175865        3.7199999999999997E-002
  0.66703320495202101        3.7300000000000000E-002
  0.66703563005189059        3.7400000000000003E-002
  0.66703806081853245        3.7499999999999999E-002
  0.66704049724911130        3.7600000000000001E-002
  0.66704293934079251        3.7699999999999997E-002
  0.66704538709074068        3.7800000000000000E-002
  0.66704784049612109        3.7900000000000003E-002
  0.66705029955409834        3.7999999999999999E-002
  0.66705276426183779        3.8100000000000002E-002
  0.66705523461650418        3.8199999999999998E-002
  0.66705771061526253        3.8300000000000001E-002
  0.66706019225527780        3.8399999999999997E-002
  0.66706267953371490        3.8500000000000000E-002
  0.66706517244773900        3.8600000000000002E-002
  0.66706767099451492        3.8699999999999998E-002
  0.66707017517120759        3.8800000000000001E-002
  0.66707268497498207        3.8899999999999997E-002
  0.66707520040300328        3.9000000000000000E-002
  0.66707772145243616        3.9100000000000003E-002
  0.66708024812044586        3.9199999999999999E-002
  0.66708278040419711        3.9300000000000002E-002
  0.66708531830085493        3.9399999999999998E-002
  0.66708786180758439        3.9500000000000000E-002
  0.66709041092155041        3.9600000000000003E-002
  0.66709296563991782        3.9699999999999999E-002
  0.66709552595985178        3.9800000000000002E-002
  0.66709809187851732        3.9899999999999998E-002
  0.66710066339307916        4.0000000000000001E-002
  0.66710324050070247        4.0099999999999997E-002
  0.66710582319855205        4.0200000000000000E-002
  0.66710841148379296        4.0300000000000002E-002
  0.66711100535359025        4.0399999999999998E-002
  0.66711360480510895        4.0500000000000001E-002
  0.66711620983551356        4.0599999999999997E-002
  0.66711882044196957        4.0700000000000000E-002
  0.66712143662164181        4.0800000000000003E-002
  0.66712405837169508        4.0899999999999999E-002
  0.66712668568929456        4.1000000000000002E-002
  0.66712931857160496        4.1099999999999998E-002
  0.66713195701579142        4.1200000000000001E-002
  0.66713460101901900        4.1300000000000003E-002
  0.66713725057845252        4.1399999999999999E-002
  0.66713990569125703        4.1500000000000002E-002
  0.66714256635459745        4.1599999999999998E-002
  0.66714523256563862        4.1700000000000001E-002
  0.66714790432154580        4.1799999999999997E-002
  0.66715058161948382        4.1900000000000000E-002
  0.66715326445661760        4.2000000000000003E-002
  0.66715595283011220        4.2099999999999999E-002
  0.66715864673713243        4.2200000000000001E-002
  0.66716134617484335        4.2299999999999997E-002
  0.66716405114041000        4.2400000000000000E-002
  0.66716676163099742        4.2500000000000003E-002
  0.66716947764377021        4.2599999999999999E-002
  0.66717219917589365        4.2700000000000002E-002
  0.66717492622453267        4.2799999999999998E-002
  0.66717765878685220        4.2900000000000001E-002
  0.66718039686001707        4.2999999999999997E-002
  0.66718314044119253        4.3099999999999999E-002
  0.66718588952754343        4.3200000000000002E-002
  0.66718864411623469        4.3299999999999998E-002
  0.66719140420443124        4.3400000000000001E-002
  0.66719416978929824        4.3499999999999997E-002
  0.66719694086800041        4.3600000000000000E-002
  0.66719971743770279        4.3700000000000003E-002
  0.66720249949557053        4.3799999999999999E-002
  0.66720528703876847        4.3900000000000002E-002
  0.66720808006446142        4.3999999999999997E-002
  0.66721087856981465        4.4100000000000000E-002
  0.66721368255199298        4.4200000000000003E-002
  0.66721649200816135        4.4299999999999999E-002
  0.66721930693548470        4.4400000000000002E-002
  0.66722212733112807        4.4499999999999998E-002
  0.66722495319225639        4.4600000000000001E-002
  0.66722778451603482        4.4699999999999997E-002
  0.66723062129962796        4.4800000000000000E-002
  0.66723346354020108        4.4900000000000002E-002
  0.66723631123491911        4.4999999999999998E-002
  0.66723916438094677        4.5100000000000001E-002
  0.66724202297544943        4.5199999999999997E-002
  0.66724488701559170        4.5300000000000000E-002
  0.66724775649853862        4.5400000000000003E-002
  0.66725063142145546        4.5499999999999999E-002
  0.66725351178150694        4.5600000000000002E-002
  0.66725639757585786        4.5699999999999998E-002
  0.66725928880167340        4.5800000000000000E-002
  0.66726218545611871        4.5900000000000003E-002
  0.66726508753635827        4.5999999999999999E-002
  0.66726799503955758        4.6100000000000002E-002
  0.66727090796288124        4.6199999999999998E-002
  0.66727382630349430        4.6300000000000001E-002
  0.66727675005856191        4.6399999999999997E-002
  0.66727967922524867        4.6500000000000000E-002
  0.66728261380071996        4.6600000000000003E-002
  0.66728555378214049        4.6699999999999998E-002
  0.66728849916667543        4.6800000000000001E-002
  0.66729144995148948        4.6899999999999997E-002
  0.66729440613374791        4.7000000000000000E-002
  0.66729736771061532        4.7100000000000003E-002
  0.66730033467925698        4.7199999999999999E-002
  0.66730330703683771        4.7300000000000002E-002
  0.66730628478052245        4.7399999999999998E-002
  0.66730926790747658        4.7500000000000001E-002
  0.66731225641486447        4.7600000000000003E-002
  0.66731525029985139        4.7699999999999999E-002
  0.66731824955960228        4.7800000000000002E-002
  0.66732125419128219        4.7899999999999998E-002
  0.66732426419205593        4.8000000000000001E-002
  0.66732727955908855        4.8099999999999997E-002
  0.66733030028954488        4.8200000000000000E-002
  0.66733332638059029        4.8300000000000003E-002
  0.66733635782938938        4.8399999999999999E-002
  0.66733939463310721        4.8500000000000001E-002
  0.66734243678890859        4.8599999999999997E-002
  0.66734548429395879        4.8700000000000000E-002
  0.66734853714542264        4.8800000000000003E-002
  0.66735159534046506        4.8899999999999999E-002
  0.66735465887625112        4.9000000000000002E-002
  0.66735772774994562        4.9099999999999998E-002
  0.66736080195871383        4.9200000000000001E-002
  0.66736388149972048        4.9299999999999997E-002
  0.66736696637013049        4.9399999999999999E-002
  0.66737005656710902        4.9500000000000002E-002
  0.66737315208782100        4.9599999999999998E-002
  0.66737625292943115        4.9700000000000001E-002
  0.66737935908910473        4.9799999999999997E-002
  0.66738247056400668        4.9900000000000000E-002
  0.66738558735130171        5.0000000000000003E-002
  0.66738870944815532        5.0099999999999999E-002
  0.66739183685173187        5.0200000000000002E-002
  0.66739496955919664        5.0299999999999997E-002
  0.66739810756771467        5.0400000000000000E-002
  0.66740125087445068        5.0500000000000003E-002
  0.66740439947656993        5.0599999999999999E-002
  0.66740755337123703        5.0700000000000002E-002
  0.66741071255561724        5.0799999999999998E-002
  0.66741387702687538        5.0900000000000001E-002
  0.66741704678217662        5.0999999999999997E-002
  0.66742022181868577        5.1100000000000000E-002
  0.66742340213356766        5.1200000000000002E-002
  0.66742658772398755        5.1299999999999998E-002
  0.66742977858711017        5.1400000000000001E-002
  0.66743297472010066        5.1499999999999997E-002
  0.66743617612012374        5.1600000000000000E-002
  0.66743938278434489        5.1700000000000003E-002
  0.66744259470992851        5.1799999999999999E-002
  0.66744581189403984        5.1900000000000002E-002
  0.66744903433384395        5.1999999999999998E-002
  0.66745226202650543        5.2100000000000000E-002
  0.66745549496918954        5.2200000000000003E-002
  0.66745873315906135        5.2299999999999999E-002
  0.66746197659328566        5.2400000000000002E-002
  0.66746522526902730        5.2499999999999998E-002
  0.66746847918345154        5.2600000000000001E-002
  0.66747173833372309        5.2699999999999997E-002
  0.66747500271700699        5.2800000000000000E-002
  0.66747827233046841        5.2900000000000003E-002
  0.66748154717127195        5.2999999999999999E-002
  0.66748482723658298        5.3100000000000001E-002
  0.66748811252356621        5.3199999999999997E-002
  0.66749140302938659        5.3300000000000000E-002
  0.66749469875120937        5.3400000000000003E-002
  0.66749799968619916        5.3499999999999999E-002
  0.66750130583152101        5.3600000000000002E-002
  0.66750461718434018        5.3699999999999998E-002
  0.66750793374182127        5.3800000000000001E-002
  0.66751125550112944        5.3900000000000003E-002
  0.66751458245942952        5.3999999999999999E-002
  0.66751791461388676        5.4100000000000002E-002
  0.66752125196166578        5.4199999999999998E-002
  0.66752459449993196        5.4300000000000001E-002
  0.66752794222584988        5.4399999999999997E-002
  0.66753129513658460        5.4500000000000000E-002
  0.66753465322930117        5.4600000000000003E-002
  0.66753801650116451        5.4699999999999999E-002
  0.66754138494933968        5.4800000000000001E-002
  0.66754475857099149        5.4899999999999997E-002
  0.66754813736328500        5.5000000000000000E-002
  0.66755152132338513        5.5100000000000003E-002
  0.66755491044845705        5.5199999999999999E-002
  0.66755830473566558        5.5300000000000002E-002
  0.66756170418217553        5.5399999999999998E-002
  0.66756510878515218        5.5500000000000001E-002
  0.66756851854176014        5.5599999999999997E-002
  0.66757193344916455        5.5700000000000000E-002
  0.66757535350453068        5.5800000000000002E-002
  0.66757877870502313        5.5899999999999998E-002
  0.66758220904780674        5.6000000000000001E-002
  0.66758564453004676        5.6099999999999997E-002
  0.66758908514890825        5.6200000000000000E-002
  0.66759253090155590        5.6300000000000003E-002
  0.66759598178515500        5.6399999999999999E-002
  0.66759943779687014        5.6500000000000002E-002
  0.66760289893386648        5.6599999999999998E-002
  0.66760636519330907        5.6700000000000000E-002
  0.66760983657236272        5.6800000000000003E-002
  0.66761331306819238        5.6899999999999999E-002
  0.66761679467796320        5.7000000000000002E-002
  0.66762028139884011        5.7099999999999998E-002
  0.66762377322798794        5.7200000000000001E-002
  0.66762727016257184        5.7299999999999997E-002
  0.66763077219975653        5.7400000000000000E-002
  0.66763427933670716        5.7500000000000002E-002
  0.66763779157058867        5.7599999999999998E-002
  0.66764130889856610        5.7700000000000001E-002
  0.66764483131780439        5.7799999999999997E-002
  0.66764835882546825        5.7900000000000000E-002
  0.66765189141872305        5.8000000000000003E-002
  0.66765542909473341        5.8099999999999999E-002
  0.66765897185066458        5.8200000000000002E-002
  0.66766251968368140        5.8299999999999998E-002
  0.66766607259094868        5.8400000000000001E-002
  0.66766963056963169        5.8500000000000003E-002
  0.66767319361689526        5.8599999999999999E-002
  0.66767676172990420        5.8700000000000002E-002
  0.66768033490582390        5.8799999999999998E-002
  0.66768391314181907        5.8900000000000001E-002
  0.66768749643505443        5.8999999999999997E-002
  0.66769108478269523        5.9100000000000000E-002
  0.66769467818190653        5.9200000000000003E-002
  0.66769827662985304        5.9299999999999999E-002
  0.66770188012370002        5.9400000000000001E-002
  0.66770548866061208        5.9499999999999997E-002
  0.66770910223775448        5.9600000000000000E-002
  0.66771272085229216        5.9700000000000003E-002
  0.66771634450139006        5.9799999999999999E-002
  0.66771997318221299        5.9900000000000002E-002
  0.66772360689192600        5.9999999999999998E-002
  0.66772724562769414        6.0100000000000001E-002
  0.66773088938668235        6.0199999999999997E-002
  0.66773453816605555        6.0299999999999999E-002
  0.66773819196297879        6.0400000000000002E-002
  0.66774185077461690        6.0499999999999998E-002
  0.66774551459813514        6.0600000000000001E-002
  0.66774918343069822        6.0699999999999997E-002
  0.66775285726947098        6.0800000000000000E-002
  0.66775653611161867        6.0900000000000003E-002
  0.66776021995430623        6.0999999999999999E-002
  0.66776390879469849        6.1100000000000002E-002
  0.66776760262996049        6.1199999999999997E-002
  0.66777130145725727        6.1300000000000000E-002
  0.66777500527375366        6.1400000000000003E-002
  0.66777871407661460        6.1499999999999999E-002
  0.66778242786300535        6.1600000000000002E-002
  0.66778614663009062        6.1699999999999998E-002
  0.66778987037503534        6.1800000000000001E-002
  0.66779359909500480        6.1899999999999997E-002
  0.66779733278716347        6.2000000000000000E-002
  0.66780107144867662        6.2100000000000002E-002
  0.66780481507670941        6.2199999999999998E-002
  0.66780856366842656        6.2300000000000001E-002
  0.66781231722099288        6.2399999999999997E-002
  0.66781607573157364        6.2500000000000000E-002
  0.66781983919733356        6.2600000000000003E-002
  0.66782360761543802        6.2700000000000006E-002
  0.66782738098305161        6.2799999999999995E-002
  0.66783115929733938        6.2899999999999998E-002
  0.66783494255546627        6.3000000000000000E-002
  0.66783873075459743        6.3100000000000003E-002
  0.66784252389189747        6.3200000000000006E-002
  0.66784632196453175        6.3299999999999995E-002
  0.66785012496966512        6.3399999999999998E-002
  0.66785393290446238        6.3500000000000001E-002
  0.66785774576608858        6.3600000000000004E-002
  0.66786156355170900        6.3700000000000007E-002
  0.66786538625848824        6.3799999999999996E-002
  0.66786921388359111        6.3899999999999998E-002
  0.66787304642418310        6.4000000000000001E-002
  0.66787688387742883        6.4100000000000004E-002
  0.66788072624049333        6.4199999999999993E-002
  0.66788457351054165        6.4299999999999996E-002
  0.66788842568473861        6.4399999999999999E-002
  0.66789228276024937        6.4500000000000002E-002
  0.66789614473423864        6.4600000000000005E-002
  0.66790001160387180        6.4699999999999994E-002
  0.66790388336631346        6.4799999999999996E-002
  0.66790776001872865        6.4899999999999999E-002
  0.66791164155828242        6.5000000000000002E-002
  0.66791552798213949        6.5100000000000005E-002
  0.66791941928746534        6.5199999999999994E-002
  0.66792331547142447        6.5299999999999997E-002
  0.66792721653118203        6.5400000000000000E-002
  0.66793112246390296        6.5500000000000003E-002
  0.66793503326675230        6.5600000000000006E-002
  0.66793894893689498        6.5699999999999995E-002
  0.66794286947149595        6.5799999999999997E-002
  0.66794679486772013        6.5900000000000000E-002
  0.66795072512273235        6.6000000000000003E-002
  0.66795466023369809        6.6100000000000006E-002
  0.66795860019778197        6.6199999999999995E-002
  0.66796254501214869        6.6299999999999998E-002
  0.66796649467396374        6.6400000000000001E-002
  0.66797044918039183        6.6500000000000004E-002
  0.66797440852859780        6.6600000000000006E-002
  0.66797837271574700        6.6699999999999995E-002
  0.66798234173900406        6.6799999999999998E-002
  0.66798631559553401        6.6900000000000001E-002
  0.66799029428250201        6.7000000000000004E-002
  0.66799427779707277        6.7100000000000007E-002
  0.66799826613641144        6.7199999999999996E-002
  0.66800225929768287        6.7299999999999999E-002
  0.66800625727805230        6.7400000000000002E-002
  0.66801026007468411        6.7500000000000004E-002
  0.66801426768474392        6.7599999999999993E-002
  0.66801828010539643        6.7699999999999996E-002
  0.66802229733380647        6.7799999999999999E-002
  0.66802631936713908        6.7900000000000002E-002
  0.66803034620255941        6.8000000000000005E-002
  0.66803437783723207        6.8099999999999994E-002
  0.66803841426832267        6.8199999999999997E-002
  0.66804245549299557        6.8300000000000000E-002
  0.66804650150841582        6.8400000000000002E-002
  0.66805055231174859        6.8500000000000005E-002
  0.66805460790015880        6.8599999999999994E-002
  0.66805866827081140        6.8699999999999997E-002
  0.66806273342087130        6.8800000000000000E-002
  0.66806680334750346        6.8900000000000003E-002
  0.66807087804787291        6.9000000000000006E-002
  0.66807495751914481        6.9099999999999995E-002
  0.66807904175848376        6.9199999999999998E-002
  0.66808313076305481        6.9300000000000000E-002
  0.66808722453002312        6.9400000000000003E-002
  0.66809132305655361        6.9500000000000006E-002
  0.66809542633981100        6.9599999999999995E-002
  0.66809953437696068        6.9699999999999998E-002
  0.66810364716516735        6.9800000000000001E-002
  0.66810776470159583        6.9900000000000004E-002
  0.66811188698341140        7.0000000000000007E-002
  0.66811601400777876        7.0099999999999996E-002
  0.66812014577186329        7.0199999999999999E-002
  0.66812428227282949        7.0300000000000001E-002
  0.66812842350784263        7.0400000000000004E-002
  0.66813256947406741        7.0499999999999993E-002
  0.66813672016866921        7.0599999999999996E-002
  0.66814087558881263        7.0699999999999999E-002
  0.66814503573166262        7.0800000000000002E-002
  0.66814920059438454        7.0900000000000005E-002
  0.66815337017414300        7.0999999999999994E-002
  0.66815754446810305        7.1099999999999997E-002
  0.66816172347342973        7.1199999999999999E-002
  0.66816590718728797        7.1300000000000002E-002
  0.66817009560684260        7.1400000000000005E-002
  0.66817428872925877        7.1499999999999994E-002
  0.66817848655170153        7.1599999999999997E-002
  0.66818268907133560        7.1700000000000000E-002
  0.66818689628532624        7.1800000000000003E-002
  0.66819110819083805        7.1900000000000006E-002
  0.66819532478503618        7.1999999999999995E-002
  0.66819954606508569        7.2099999999999997E-002
  0.66820377202815162        7.2200000000000000E-002
  0.66820800267139846        7.2300000000000003E-002
  0.66821223799199170        7.2400000000000006E-002
  0.66821647798709616        7.2499999999999995E-002
  0.66822072265387678        7.2599999999999998E-002
  0.66822497198949837        7.2700000000000001E-002
  0.66822922599112600        7.2800000000000004E-002
  0.66823348465592480        7.2900000000000006E-002
  0.66823774798105973        7.2999999999999995E-002
  0.66824201596369526        7.3099999999999998E-002
  0.66824628860099722        7.3200000000000001E-002
  0.66825056589012988        7.3300000000000004E-002
  0.66825484782825839        7.3400000000000007E-002
  0.66825913441254770        7.3499999999999996E-002
  0.66826342564016306        7.3599999999999999E-002
  0.66826772150826907        7.3700000000000002E-002
  0.66827202201403091        7.3800000000000004E-002
  0.66827632715461349        7.3899999999999993E-002
  0.66828063692718165        7.3999999999999996E-002
  0.66828495132890053        7.4099999999999999E-002
  0.66828927035693519        7.4200000000000002E-002
  0.66829359400845034        7.4300000000000005E-002
  0.66829792228061091        7.4399999999999994E-002
  0.66830225517058217        7.4499999999999997E-002
  0.66830659267552917        7.4600000000000000E-002
  0.66831093479261627        7.4700000000000003E-002
  0.66831528151900899        7.4800000000000005E-002
  0.66831963285187213        7.4899999999999994E-002
  0.66832398878837063        7.4999999999999997E-002
  0.66832834932566954        7.5100000000000000E-002
  0.66833271446093390        7.5200000000000003E-002
  0.66833708419132820        7.5300000000000006E-002
  0.66834145851401794        7.5399999999999995E-002
  0.66834583742616793        7.5499999999999998E-002
  0.66835022092494312        7.5600000000000001E-002
  0.66835460900750854        7.5700000000000003E-002
  0.66835900167102902        7.5800000000000006E-002
  0.66836339891266949        7.5899999999999995E-002
  0.66836780072959523        7.5999999999999998E-002
  0.66837220711897094        7.6100000000000001E-002
  0.66837661807796156        7.6200000000000004E-002
  0.66838103360373224        7.6300000000000007E-002
  0.66838545369344793        7.6399999999999996E-002
  0.66838987834427332        7.6499999999999999E-002
  0.66839430755337381        7.6600000000000001E-002
  0.66839874131791421        7.6700000000000004E-002
  0.66840317963505913        7.6799999999999993E-002
  0.66840762250197405        7.6899999999999996E-002
  0.66841206991582369        7.6999999999999999E-002
  0.66841652187377310        7.7100000000000002E-002
  0.66842097837298708        7.7200000000000005E-002
  0.66842543941063082        7.7299999999999994E-002
  0.66842990498386901        7.7399999999999997E-002
  0.66843437508986714        7.7499999999999999E-002
  0.66843884972578960        7.7600000000000002E-002
  0.66844332888880154        7.7700000000000005E-002
  0.66844781257606822        7.7799999999999994E-002
  0.66845230078475426        7.7899999999999997E-002
  0.66845679351202458        7.8000000000000000E-002
  0.66846129075504457        7.8100000000000003E-002
  0.66846579251097871        7.8200000000000006E-002
  0.66847029877699238        7.8299999999999995E-002
  0.66847480955025018        7.8399999999999997E-002
  0.66847932482791750        7.8500000000000000E-002
  0.66848384460715882        7.8600000000000003E-002
  0.66848836888513952        7.8700000000000006E-002
  0.66849289765902431        7.8799999999999995E-002
  0.66849743092597835        7.8899999999999998E-002
  0.66850196868316636        7.9000000000000001E-002
  0.66850651092775371        7.9100000000000004E-002
  0.66851105765690488        7.9200000000000007E-002
  0.66851560886778527        7.9299999999999995E-002
  0.66852016455755958        7.9399999999999998E-002
  0.66852472472339286        7.9500000000000001E-002
  0.66852928936245004        7.9600000000000004E-002
  0.66853385847189617        7.9699999999999993E-002
  0.66853843204889618        7.9799999999999996E-002
  0.66854301009061490        7.9899999999999999E-002
  0.66854759259421770        8.0000000000000002E-002
  0.66855217955686896        8.0100000000000005E-002
  0.66855677097573418        8.0199999999999994E-002
  0.66856136684797807        8.0299999999999996E-002
  0.66856596717076566        8.0399999999999999E-002
  0.66857057194126168        8.0500000000000002E-002
  0.66857518115663173        8.0600000000000005E-002
  0.66857979481404017        8.0699999999999994E-002
  0.66858441291065196        8.0799999999999997E-002
  0.66858903544363257        8.0900000000000000E-002
  0.66859366241014651        8.1000000000000003E-002
  0.66859829380735902        8.1100000000000005E-002
  0.66860292963243495        8.1199999999999994E-002
  0.66860756988253922        8.1299999999999997E-002
  0.66861221455483688        8.1400000000000000E-002
  0.66861686364649309        8.1500000000000003E-002
  0.66862151715467222        8.1600000000000006E-002
  0.66862617507653976        8.1699999999999995E-002
  0.66863083740926066        8.1799999999999998E-002
  0.66863550414999962        8.1900000000000001E-002
  0.66864017529592179        8.2000000000000003E-002
  0.66864485084419212        8.2100000000000006E-002
  0.66864953079197564        8.2199999999999995E-002
  0.66865421513643719        8.2299999999999998E-002
  0.66865890387474169        8.2400000000000001E-002
  0.66866359700405442        8.2500000000000004E-002
  0.66866829452154009        8.2600000000000007E-002
  0.66867299642436362        8.2699999999999996E-002
  0.66867770270969007        8.2799999999999999E-002
  0.66868241337468459        8.2900000000000001E-002
  0.66868712841651168        8.3000000000000004E-002
  0.66869184783233693        8.3099999999999993E-002
  0.66869657161932472        8.3199999999999996E-002
  0.66870129977464043        8.3299999999999999E-002
  0.66870603229544878        8.3400000000000002E-002
  0.66871076917891503        8.3500000000000005E-002
  0.66871551042220367        8.3599999999999994E-002
  0.66872025602248020        8.3699999999999997E-002
  0.66872500597690920        8.3799999999999999E-002
  0.66872976028265585        8.3900000000000002E-002
  0.66873451893688496        8.4000000000000005E-002
  0.66873928193676169        8.4099999999999994E-002
  0.66874404927945075        8.4199999999999997E-002
  0.66874882096211730        8.4300000000000000E-002
  0.66875359698192638        8.4400000000000003E-002
  0.66875837733604282        8.4500000000000006E-002
  0.66876316202163166        8.4599999999999995E-002
  0.66876795103585773        8.4699999999999998E-002
  0.66877274437588619        8.4800000000000000E-002
  0.66877754203888184        8.4900000000000003E-002
  0.66878234402200976        8.5000000000000006E-002
  0.66878715032243496        8.5099999999999995E-002
  0.66879196093732207        8.5199999999999998E-002
  0.66879677586383646        8.5300000000000001E-002
  0.66880159509914294        8.5400000000000004E-002
  0.66880641864040669        8.5500000000000007E-002
  0.66881124648479229        8.5599999999999996E-002
  0.66881607862946502        8.5699999999999998E-002
  0.66882091507158958        8.5800000000000001E-002
  0.66882575580833104        8.5900000000000004E-002
  0.66883060083685464        8.5999999999999993E-002
  0.66883545015432500        8.6099999999999996E-002
  0.66884030375790715        8.6199999999999999E-002
  0.66884516164476637        8.6300000000000002E-002
  0.66885002381206715        8.6400000000000005E-002
  0.66885489025697475        8.6499999999999994E-002
  0.66885976097665401        8.6599999999999996E-002
  0.66886463596827017        8.6699999999999999E-002
  0.66886951522898774        8.6800000000000002E-002
  0.66887439875597221        8.6900000000000005E-002
  0.66887928654638806        8.6999999999999994E-002
  0.66888417859740068        8.7099999999999997E-002
  0.66888907490617466        8.7200000000000000E-002
  0.66889397546987528        8.7300000000000003E-002
  0.66889888028566713        8.7400000000000005E-002
  0.66890378935071559        8.7499999999999994E-002
  0.66890870266218561        8.7599999999999997E-002
  0.66891362021724177        8.7700000000000000E-002
  0.66891854201304934        8.7800000000000003E-002
  0.66892346804677338        8.7900000000000006E-002
  0.66892839831557860        8.7999999999999995E-002
  0.66893333281663003        8.8099999999999998E-002
  0.66893827154709262        8.8200000000000001E-002
  0.66894321450413163        8.8300000000000003E-002
  0.66894816168491167        8.8400000000000006E-002
  0.66895311308659777        8.8499999999999995E-002
  0.66895806870635510        8.8599999999999998E-002
  0.66896302854134837        8.8700000000000001E-002
  0.66896799258874284        8.8800000000000004E-002
  0.66897296084570312        8.8900000000000007E-002
  0.66897793330939448        8.8999999999999996E-002
  0.66898290997698184        8.9099999999999999E-002
  0.66898789084562993        8.9200000000000002E-002
  0.66899287591250411        8.9300000000000004E-002
  0.66899786517476900        8.9399999999999993E-002
  0.66900285862958975        8.9499999999999996E-002
  0.66900785627413129        8.9599999999999999E-002
  0.66901285810555855        8.9700000000000002E-002
  0.66901786412103648        8.9800000000000005E-002
  0.66902287431773000        8.9899999999999994E-002
  0.66902788869280450        8.9999999999999997E-002
  0.66903290724342435        9.0100000000000000E-002
  0.66903792996675493        9.0200000000000002E-002
  0.66904295685996107        9.0300000000000005E-002
  0.66904798792020759        9.0399999999999994E-002
  0.66905302314465975        9.0499999999999997E-002
  0.66905806253048228        9.0600000000000000E-002
  0.66906310607484043        9.0700000000000003E-002
  0.66906815377489881        9.0800000000000006E-002
  0.66907320562782258        9.0899999999999995E-002
  0.66907826163077666        9.0999999999999998E-002
  0.66908332178092611        9.1100000000000000E-002
  0.66908838607543597        9.1200000000000003E-002
  0.66909345451147084        9.1300000000000006E-002
  0.66909852708619610        9.1399999999999995E-002
  0.66910360379677647        9.1499999999999998E-002
  0.66910868464037687        9.1600000000000001E-002
  0.66911376961416258        9.1700000000000004E-002
  0.66911885871529830        9.1800000000000007E-002
  0.66912395194094909        9.1899999999999996E-002
  0.66912904928827988        9.1999999999999998E-002
  0.66913415075445570        9.2100000000000001E-002
  0.66913925633664140        9.2200000000000004E-002
  0.66914436603200211        9.2299999999999993E-002
  0.66914947983770268        9.2399999999999996E-002
  0.66915459775090824        9.2499999999999999E-002
  0.66915971976878352        9.2600000000000002E-002
  0.66916484588849368        9.2700000000000005E-002
  0.66916997610720341        9.2799999999999994E-002
  0.66917511042207800        9.2899999999999996E-002
  0.66918024883028249        9.2999999999999999E-002
  0.66918539132898147        9.3100000000000002E-002
  0.66919053791534000        9.3200000000000005E-002
  0.66919568858652334        9.3299999999999994E-002
  0.66920084333969621        9.3399999999999997E-002
  0.66920600217202353        9.3500000000000000E-002
  0.66921116508067047        9.3600000000000003E-002
  0.66921633206280173        9.3700000000000006E-002
  0.66922150311558259        9.3799999999999994E-002
  0.66922667823617799        9.3899999999999997E-002
  0.66923185742175273        9.4000000000000000E-002
  0.66923704066947176        9.4100000000000003E-002
  0.66924222797650013        9.4200000000000006E-002
  0.66924741934000265        9.4299999999999995E-002
  0.66925261475714470        9.4399999999999998E-002
  0.66925781422509101        9.4500000000000001E-002
  0.66926301774100627        9.4600000000000004E-002
  0.66926822530205587        9.4700000000000006E-002
  0.66927343690540453        9.4799999999999995E-002
  0.66927865254821728        9.4899999999999998E-002
  0.66928387222765928        9.5000000000000001E-002
  0.66928909594089514        9.5100000000000004E-002
  0.66929432368509001        9.5200000000000007E-002
  0.66929955545740905        9.5299999999999996E-002
  0.66930479125501674        9.5399999999999999E-002
  0.66931003107507869        9.5500000000000002E-002
  0.66931527491475939        9.5600000000000004E-002
  0.66932052277122389        9.5699999999999993E-002
  0.66932577464163723        9.5799999999999996E-002
  0.66933103052316456        9.5899999999999999E-002
  0.66933629041297049        9.6000000000000002E-002
  0.66934155430822007        9.6100000000000005E-002
  0.66934682220607844        9.6199999999999994E-002
  0.66935209410371044        9.6299999999999997E-002
  0.66935736999828122        9.6400000000000000E-002
  0.66936264988695549        9.6500000000000002E-002
  0.66936793376689829        9.6600000000000005E-002
  0.66937322163527480        9.6699999999999994E-002
  0.66937851348924959        9.6799999999999997E-002
  0.66938380932598796        9.6900000000000000E-002
  0.66938910914265481        9.7000000000000003E-002
  0.66939441293641500        9.7100000000000006E-002
  0.66939972070443376        9.7199999999999995E-002
  0.66940503244387572        9.7299999999999998E-002
  0.66941034815190592        9.7400000000000000E-002
  0.66941566782568962        9.7500000000000003E-002
  0.66942099146239142        9.7600000000000006E-002
  0.66942631905917649        9.7699999999999995E-002
  0.66943165061320986        9.7799999999999998E-002
  0.66943698612165625        9.7900000000000001E-002
  0.66944232558168082        9.8000000000000004E-002
  0.66944766899044850        9.8100000000000007E-002
  0.66945301634512422        9.8199999999999996E-002
  0.66945836764287303        9.8299999999999998E-002
  0.66946372288085987        9.8400000000000001E-002
  0.66946908205624955        9.8500000000000004E-002
  0.66947444516620724        9.8599999999999993E-002
  0.66947981220789787        9.8699999999999996E-002
  0.66948518317848627        9.8799999999999999E-002
  0.66949055807513780        9.8900000000000002E-002
  0.66949593689501685        9.9000000000000005E-002
  0.66950131963528881        9.9099999999999994E-002
  0.66950670629311859        9.9199999999999997E-002
  0.66951209686567104        9.9299999999999999E-002
  0.66951749135011107        9.9400000000000002E-002
  0.66952288974360386        9.9500000000000005E-002
  0.66952829204331432        9.9599999999999994E-002
  0.66953369824640718        9.9699999999999997E-002
  0.66953910835004782        9.9800000000000000E-002
  0.66954452235140094        9.9900000000000003E-002
  0.66954994024763159       0.10000000000000001     
