  0.66663396410752218       0.25250000000000000     
  0.66663396410752218       0.25250000000000000     
   2.4585120622108991E-003  0.25250000000000000     
   2.4585120622108991E-003  0.25250000000000000     
   4.0165225149626990E-003  0.25250000000000000     
   4.0165225149626990E-003  0.25250000000000000     
  0.33251799028944623       0.25250000000000000     
  0.33251799028944623       0.25250000000000000     
   3.2072110315339852E-004  0.25250000000000000     
   3.2072110315339852E-004  0.25250000000000000     
  0.33854490178138930       0.25250000000000000     
  0.33854490178138930       0.25250000000000000     
  0.32942258956034071       0.25250000000000000     
  0.32942258956034071       0.25250000000000000     
  0.47103793425178125       0.25250000000000000     
  0.47103793425178125       0.25250000000000000     
  0.66662233479212596       0.25500000000000000     
  0.66662233479212596       0.25500000000000000     
   4.1953278792011134E-005  0.25500000000000000     
   4.1953278792011134E-005  0.25500000000000000     
   5.1276220397711014E-003  0.25500000000000000     
   5.1276220397711014E-003  0.25500000000000000     
  0.32904041947990542       0.25500000000000000     
  0.32904041947990542       0.25500000000000000     
   5.8031476161053558E-003  0.25500000000000000     
   5.8031476161053558E-003  0.25500000000000000     
  0.33001213514332084       0.25500000000000000     
  0.33001213514332084       0.25500000000000000     
  0.33706692998787680       0.25500000000000000     
  0.33706692998787680       0.25500000000000000     
  0.47409380272779300       0.25500000000000000     
  0.47409380272779300       0.25500000000000000     
  0.66664942378458447       0.25750000000000001     
  0.66664942378458447       0.25750000000000001     
   7.9644099550291864E-004  0.25750000000000001     
   7.9644099550291864E-004  0.25750000000000001     
   1.5457876388425551E-003  0.25750000000000001     
   1.5457876388425551E-003  0.25750000000000001     
  0.33725383960325267       0.25750000000000001     
  0.33725383960325267       0.25750000000000001     
   2.9369865949293722E-003  0.25750000000000001     
   2.9369865949293722E-003  0.25750000000000001     
  0.33095166563035805       0.25750000000000001     
  0.33095166563035805       0.25750000000000001     
  0.33203034473041138       0.25750000000000001     
  0.33203034473041138       0.25750000000000001     
  0.47122558618016014       0.25750000000000001     
  0.47122558618016014       0.25750000000000001     
  0.66661806465129214       0.26000000000000001     
  0.66661806465129214       0.26000000000000001     
   3.5003892398104523E-003  0.26000000000000001     
   3.5003892398104523E-003  0.26000000000000001     
   3.1685825565002934E-003  0.26000000000000001     
   3.1685825565002934E-003  0.26000000000000001     
  0.32940975473405598       0.26000000000000001     
  0.32940975473405598       0.26000000000000001     
   3.8727216709483550E-003  0.26000000000000001     
   3.8727216709483550E-003  0.26000000000000001     
  0.33921611397100976       0.26000000000000001     
  0.33921611397100976       0.26000000000000001     
  0.32995055776428622       0.26000000000000001     
  0.32995055776428622       0.26000000000000001     
  0.47237411054185330       0.26000000000000001     
  0.47237411054185330       0.26000000000000001     
  0.66664960914156191       0.26250000000000001     
  0.66664960914156191       0.26250000000000001     
   4.3022007352029046E-003  0.26250000000000001     
   4.3022007352029046E-003  0.26250000000000001     
   3.9278750278629489E-003  0.26250000000000001     
   3.9278750278629489E-003  0.26250000000000001     
  0.33324286050534829       0.26250000000000001     
  0.33324286050534829       0.26250000000000001     
   2.6821791088152969E-003  0.26250000000000001     
   2.6821791088152969E-003  0.26250000000000001     
  0.33502233171160622       0.26250000000000001     
  0.33502233171160622       0.26250000000000001     
  0.33555153282837974       0.26250000000000001     
  0.33555153282837974       0.26250000000000001     
  0.46866996224424701       0.26250000000000001     
  0.46866996224424701       0.26250000000000001     
  0.66665654165756372       0.26500000000000001     
  0.66665654165756372       0.26500000000000001     
   2.4605658779095554E-003  0.26500000000000001     
   2.4605658779095554E-003  0.26500000000000001     
   1.7879043207834899E-003  0.26500000000000001     
   1.7879043207834899E-003  0.26500000000000001     
  0.33562200943491627       0.26500000000000001     
  0.33562200943491627       0.26500000000000001     
   7.5857927149953347E-004  0.26500000000000001     
   7.5857927149953347E-004  0.26500000000000001     
  0.33205681280486915       0.26500000000000001     
  0.33205681280486915       0.26500000000000001     
  0.33109563668951980       0.26500000000000001     
  0.33109563668951980       0.26500000000000001     
  0.47226159314283178       0.26500000000000001     
  0.47226159314283178       0.26500000000000001     
  0.66666515887054445       0.26750000000000002     
  0.66666515887054445       0.26750000000000002     
   1.2735508629813097E-003  0.26750000000000002     
   1.2735508629813097E-003  0.26750000000000002     
   6.7218291350036249E-004  0.26750000000000002     
   6.7218291350036249E-004  0.26750000000000002     
  0.33385995633024274       0.26750000000000002     
  0.33385995633024274       0.26750000000000002     
   1.5042645225754603E-004  0.26750000000000002     
   1.5042645225754603E-004  0.26750000000000002     
  0.33312558970236228       0.26750000000000002     
  0.33312558970236228       0.26750000000000002     
  0.33227310549326755       0.26750000000000002     
  0.33227310549326755       0.26750000000000002     
  0.47192678253341741       0.26750000000000002     
  0.47192678253341741       0.26750000000000002     
  0.66665615010166723       0.27000000000000002     
  0.66665615010166723       0.27000000000000002     
   1.8065558867592646E-003  0.27000000000000002     
   1.8065558867592646E-003  0.27000000000000002     
   3.7544082981576937E-005  0.27000000000000002     
   3.7544082981576937E-005  0.27000000000000002     
  0.33603127469514982       0.27000000000000002     
  0.33603127469514982       0.27000000000000002     
   3.1574769526214741E-003  0.27000000000000002     
   3.1574769526214741E-003  0.27000000000000002     
  0.33160314888986231       0.27000000000000002     
  0.33160314888986231       0.27000000000000002     
  0.33413553457011480       0.27000000000000002     
  0.33413553457011480       0.27000000000000002     
  0.47014049552378273       0.27000000000000002     
  0.47014049552378273       0.27000000000000002     
  0.66665141922166915       0.27250000000000002     
  0.66665141922166915       0.27250000000000002     
   2.4928436347496918E-003  0.27250000000000002     
   2.4928436347496918E-003  0.27250000000000002     
   3.9054593290502870E-003  0.27250000000000002     
   3.9054593290502870E-003  0.27250000000000002     
  0.33519763979582662       0.27250000000000002     
  0.33519763979582662       0.27250000000000002     
   3.8966597079421739E-003  0.27250000000000002     
   3.8966597079421739E-003  0.27250000000000002     
  0.33521007747019282       0.27250000000000002     
  0.33521007747019282       0.27250000000000002     
  0.33319539574121265       0.27250000000000002     
  0.33319539574121265       0.27250000000000002     
  0.46882488522797638       0.27250000000000002     
  0.46882488522797638       0.27250000000000002     
  0.66665417536203020       0.27500000000000002     
  0.66665417536203020       0.27500000000000002     
   1.3251208456419930E-003  0.27500000000000002     
   1.3251208456419930E-003  0.27500000000000002     
   2.9303798199744324E-003  0.27500000000000002     
   2.9303798199744324E-003  0.27500000000000002     
  0.33578050537162019       0.27500000000000002     
  0.33578050537162019       0.27500000000000002     
   3.7262127738896811E-003  0.27500000000000002     
   3.7262127738896811E-003  0.27500000000000002     
  0.33465986577750034       0.27500000000000002     
  0.33465986577750034       0.27500000000000002     
  0.33236445934345626       0.27500000000000002     
  0.33236445934345626       0.27500000000000002     
  0.46939965856253452       0.27500000000000002     
  0.46939965856253452       0.27500000000000002     
  0.66665185360724510       0.27750000000000002     
  0.66665185360724510       0.27750000000000002     
   2.0766560610888662E-003  0.27750000000000002     
   2.0766560610888662E-003  0.27750000000000002     
   1.0255534843494132E-003  0.27750000000000002     
   1.0255534843494132E-003  0.27750000000000002     
  0.33602906334461130       0.27750000000000002     
  0.33602906334461130       0.27750000000000002     
   2.8799760328124258E-003  0.27750000000000002     
   2.8799760328124258E-003  0.27750000000000002     
  0.33046675092542077       0.27750000000000002     
  0.33046675092542077       0.27750000000000002     
  0.33490748869291526       0.27750000000000002     
  0.33490748869291526       0.27750000000000002     
  0.47039853401260745       0.27750000000000002     
  0.47039853401260745       0.27750000000000002     
  0.66662874007009210       0.28000000000000003     
  0.66662874007009210       0.28000000000000003     
   1.9833443741620049E-003  0.28000000000000003     
   1.9833443741620049E-003  0.28000000000000003     
   1.3528736054888094E-003  0.28000000000000003     
   1.3528736054888094E-003  0.28000000000000003     
  0.32788607231719191       0.28000000000000003     
  0.32788607231719191       0.28000000000000003     
   4.9140212168043984E-003  0.28000000000000003     
   4.9140212168043984E-003  0.28000000000000003     
  0.33302094797312881       0.28000000000000003     
  0.33302094797312881       0.28000000000000003     
  0.33762525513632158       0.28000000000000003     
  0.33762525513632158       0.28000000000000003     
  0.47241203877049776       0.28000000000000003     
  0.47241203877049776       0.28000000000000003     
  0.66664114835433685       0.28249999999999997     
  0.66664114835433685       0.28249999999999997     
   1.6014578179950612E-003  0.28249999999999997     
   1.6014578179950612E-003  0.28249999999999997     
   5.4477443631871809E-003  0.28249999999999997     
   5.4477443631871809E-003  0.28249999999999997     
  0.33191074955493766       0.28249999999999997     
  0.33191074955493766       0.28249999999999997     
   3.7040697069772310E-003  0.28249999999999997     
   3.7040697069772310E-003  0.28249999999999997     
  0.32942789254265381       0.28249999999999997     
  0.32942789254265381       0.28249999999999997     
  0.33483273563689564       0.28249999999999997     
  0.33483273563689564       0.28249999999999997     
  0.47407081517096272       0.28249999999999997     
  0.47407081517096272       0.28249999999999997     
  0.66664850142776833       0.28499999999999998     
  0.66664850142776833       0.28499999999999998     
   2.8504404670018496E-003  0.28499999999999998     
   2.8504404670018496E-003  0.28499999999999998     
   2.2408435661434023E-003  0.28499999999999998     
   2.2408435661434023E-003  0.28499999999999998     
  0.33669975458239199       0.28499999999999998     
  0.33669975458239199       0.28499999999999998     
   4.8787713115314019E-003  0.28499999999999998     
   4.8787713115314019E-003  0.28499999999999998     
  0.33296058501783865       0.28499999999999998     
  0.33296058501783865       0.28499999999999998     
  0.33383591450482986       0.28499999999999998     
  0.33383591450482986       0.28499999999999998     
  0.46889966637101504       0.28499999999999998     
  0.46889966637101504       0.28499999999999998     
  0.66664928294421544       0.28749999999999998     
  0.66664928294421544       0.28749999999999998     
   1.9556683257598989E-003  0.28749999999999998     
   1.9556683257598989E-003  0.28749999999999998     
   2.5205836761805489E-003  0.28749999999999998     
   2.5205836761805489E-003  0.28749999999999998     
  0.32984283514388513       0.28749999999999998     
  0.32984283514388513       0.28749999999999998     
   1.7702251527261792E-003  0.28749999999999998     
   1.7702251527261792E-003  0.28749999999999998     
  0.33596115837248119       0.28749999999999998     
  0.33596115837248119       0.28749999999999998     
  0.33517463891406052       0.28749999999999998     
  0.33517463891406052       0.28749999999999998     
  0.47069857825771522       0.28749999999999998     
  0.47069857825771522       0.28749999999999998     
  0.66665356277182219       0.28999999999999998     
  0.66665356277182219       0.28999999999999998     
   1.5610441370313907E-003  0.28999999999999998     
   1.5610441370313907E-003  0.28999999999999998     
   3.5236011709513515E-003  0.28999999999999998     
   3.5236011709513515E-003  0.28999999999999998     
  0.33526060493326543       0.28999999999999998     
  0.33526060493326543       0.28999999999999998     
   3.5111516539502313E-003  0.28999999999999998     
   3.5111516539502313E-003  0.28999999999999998     
  0.33527814463801719       0.28999999999999998     
  0.33527814463801719       0.28999999999999998     
  0.33247840204674706       0.28999999999999998     
  0.33247840204674706       0.28999999999999998     
  0.46924707267870969       0.28999999999999998     
  0.46924707267870969       0.28999999999999998     
  0.66666350810752539       0.29249999999999998     
  0.66666350810752539       0.29249999999999998     
   6.2457272067104053E-004  0.29249999999999998     
   6.2457272067104053E-004  0.29249999999999998     
   9.4045012728374844E-005  0.29249999999999998     
   9.4045012728374844E-005  0.29249999999999998     
  0.33165652613705837       0.29249999999999998     
  0.33165652613705837       0.29249999999999998     
   1.3382130428092887E-003  0.29249999999999998     
   1.3382130428092887E-003  0.29249999999999998     
  0.33369212827443967       0.29249999999999998     
  0.33369212827443967       0.29249999999999998     
  0.33443677681201556       0.29249999999999998     
  0.33443677681201556       0.29249999999999998     
  0.47155391613851788       0.29249999999999998     
  0.47155391613851788       0.29249999999999998     
  0.66663124808831120       0.29499999999999998     
  0.66663124808831120       0.29499999999999998     
   1.1230451071259362E-003  0.29499999999999998     
   1.1230451071259362E-003  0.29499999999999998     
   5.4097961567464159E-003  0.29499999999999998     
   5.4097961567464159E-003  0.29499999999999998     
  0.33662530565199567       0.29499999999999998     
  0.33662530565199567       0.29499999999999998     
   5.2591676329351023E-003  0.29499999999999998     
   5.2591676329351023E-003  0.29499999999999998     
  0.33683583426299935       0.29499999999999998     
  0.33683583426299935       0.29499999999999998     
  0.33068276282286857       0.29499999999999998     
  0.33068276282286857       0.29499999999999998     
  0.46842127612831641       0.29499999999999998     
  0.46842127612831641       0.29499999999999998     
  0.66662973215028898       0.29749999999999999     
  0.66662973215028898       0.29749999999999999     
   2.4186254803792717E-003  0.29749999999999999     
   2.4186254803792717E-003  0.29749999999999999     
   6.9128401520756610E-003  0.29749999999999999     
   6.9128401520756610E-003  0.29749999999999999     
  0.33337803982240444       0.29749999999999999     
  0.33337803982240444       0.29749999999999999     
   3.1473930538603589E-003  0.29749999999999999     
   3.1473930538603589E-003  0.29749999999999999     
  0.33867938474490772       0.29749999999999999     
  0.33867938474490772       0.29749999999999999     
  0.33232213708660585       0.29749999999999999     
  0.33232213708660585       0.29749999999999999     
  0.46825054750712936       0.29749999999999999     
  0.46825054750712936       0.29749999999999999     
  0.66665407764856499       0.29999999999999999     
  0.66665407764856499       0.29999999999999999     
   3.9750527238196706E-003  0.29999999999999999     
   3.9750527238196706E-003  0.29999999999999999     
   1.3415550314950231E-003  0.29999999999999999     
   1.3415550314950231E-003  0.29999999999999999     
  0.33388280107005713       0.29999999999999999     
  0.33388280107005713       0.29999999999999999     
   2.2862693747572743E-003  0.29999999999999999     
   2.2862693747572743E-003  0.29999999999999999     
  0.33252897664260683       0.29999999999999999     
  0.33252897664260683       0.29999999999999999     
  0.33626256132938814       0.29999999999999999     
  0.33626256132938814       0.29999999999999999     
  0.46949304756002203       0.29999999999999999     
  0.46949304756002203       0.29999999999999999     
  0.66665008909369006       0.30249999999999999     
  0.66665008909369006       0.30249999999999999     
   4.5427851742283962E-003  0.30249999999999999     
   4.5427851742283962E-003  0.30249999999999999     
   2.6878940122749551E-003  0.30249999999999999     
   2.6878940122749551E-003  0.30249999999999999     
  0.33236887767560186       0.30249999999999999     
  0.33236887767560186       0.30249999999999999     
   1.5188762731094957E-003  0.30249999999999999     
   1.5188762731094957E-003  0.30249999999999999     
  0.33404715791743145       0.30249999999999999     
  0.33404715791743145       0.30249999999999999     
  0.33665914419485432       0.30249999999999999     
  0.33665914419485432       0.30249999999999999     
  0.46920304797428025       0.30249999999999999     
  0.46920304797428025       0.30249999999999999     
  0.66664826979470437       0.30499999999999999     
  0.66664826979470437       0.30499999999999999     
   3.5540112168704341E-003  0.30499999999999999     
   3.5540112168704341E-003  0.30499999999999999     
   9.0021776872339920E-006  0.30499999999999999     
   9.0021776872339920E-006  0.30499999999999999     
  0.33571611776343263       0.30499999999999999     
  0.33571611776343263       0.30499999999999999     
   1.0574158003272133E-003  0.30499999999999999     
   1.0574158003272133E-003  0.30499999999999999     
  0.33426086384494663       0.30499999999999999     
  0.33426086384494663       0.30499999999999999     
  0.32916769862671302       0.30499999999999999     
  0.32916769862671302       0.30499999999999999     
  0.47199500912042797       0.30499999999999999     
  0.47199500912042797       0.30499999999999999     
  0.66666283780901203       0.30750000000000000     
  0.66666283780901203       0.30750000000000000     
   2.1908408002200563E-003  0.30750000000000000     
   2.1908408002200563E-003  0.30750000000000000     
   1.2062060297540031E-003  0.30750000000000000     
   1.2062060297540031E-003  0.30750000000000000     
  0.33287890353736532       0.30750000000000000     
  0.33287890353736532       0.30750000000000000     
   7.0750689887477680E-004  0.30750000000000000     
   7.0750689887477680E-004  0.30750000000000000     
  0.33358942419281062       0.30750000000000000     
  0.33358942419281062       0.30750000000000000     
  0.33497907823261719       0.30750000000000000     
  0.33497907823261719       0.30750000000000000     
  0.47037497626729613       0.30750000000000000     
  0.47037497626729613       0.30750000000000000     
  0.66665288800966893       0.31000000000000000     
  0.66665288800966893       0.31000000000000000     
   6.2927893411059144E-004  0.31000000000000000     
   6.2927893411059144E-004  0.31000000000000000     
   1.0426405088995727E-003  0.31000000000000000     
   1.0426405088995727E-003  0.31000000000000000     
  0.32991655453365160       0.31000000000000000     
  0.32991655453365160       0.31000000000000000     
   3.0763691252587988E-003  0.31000000000000000     
   3.0763691252587988E-003  0.31000000000000000     
  0.33574355062925421       0.31000000000000000     
  0.33574355062925421       0.31000000000000000     
  0.33341507709986173       0.31000000000000000     
  0.33341507709986173       0.31000000000000000     
  0.47204731276822365       0.31000000000000000     
  0.47204731276822365       0.31000000000000000     
  0.66663318230532309       0.31250000000000000     
  0.66663318230532309       0.31250000000000000     
   1.2468771703722445E-003  0.31250000000000000     
   1.2468771703722445E-003  0.31250000000000000     
   3.0462241810804980E-003  0.31250000000000000     
   3.0462241810804980E-003  0.31250000000000000     
  0.32897618758530045       0.31250000000000000     
  0.32897618758530045       0.31250000000000000     
   4.7256109875677271E-003  0.31250000000000000     
   4.7256109875677271E-003  0.31250000000000000     
  0.33139482201618697       0.31250000000000000     
  0.33139482201618697       0.31250000000000000     
  0.33734845727738205       0.31250000000000000     
  0.33734845727738205       0.31250000000000000     
  0.47298536667072610       0.31250000000000000     
  0.47298536667072610       0.31250000000000000     
  0.66663401026881808       0.31500000000000000     
  0.66663401026881808       0.31500000000000000     
   1.2254548442097515E-003  0.31500000000000000     
   1.2254548442097515E-003  0.31500000000000000     
   2.6620791924556186E-003  0.31500000000000000     
   2.6620791924556186E-003  0.31500000000000000     
  0.33854361829884949       0.31500000000000000     
  0.33854361829884949       0.31500000000000000     
   3.6568575680923643E-003  0.31500000000000000     
   3.6568575680923643E-003  0.31500000000000000     
  0.32967173808509337       0.31500000000000000     
  0.32967173808509337       0.31500000000000000     
  0.33175191242510160       0.31500000000000000     
  0.33175191242510160       0.31500000000000000     
  0.47140484900278617       0.31500000000000000     
  0.47140484900278617       0.31500000000000000     
  0.66665988913710861       0.31750000000000000     
  0.66665988913710861       0.31750000000000000     
   2.7732609811761469E-003  0.31750000000000000     
   2.7732609811761469E-003  0.31750000000000000     
   7.5890751920940080E-004  0.31750000000000000     
   7.5890751920940080E-004  0.31750000000000000     
  0.33255324569639205       0.31750000000000000     
  0.33255324569639205       0.31750000000000000     
   4.4161290614549986E-004  0.31750000000000000     
   4.4161290614549986E-004  0.31750000000000000     
  0.33300708386808470       0.31750000000000000     
  0.33300708386808470       0.31750000000000000     
  0.33584583613867069       0.31750000000000000     
  0.33584583613867069       0.31750000000000000     
  0.47040226359890336       0.31750000000000000     
  0.47040226359890336       0.31750000000000000     
  0.66665979939850595       0.32000000000000001     
  0.66665979939850595       0.32000000000000001     
   8.1832501033783644E-004  0.32000000000000001     
   8.1832501033783644E-004  0.32000000000000001     
   2.8030422421519985E-003  0.32000000000000001     
   2.8030422421519985E-003  0.32000000000000001     
  0.33254099841157314       0.32000000000000001     
  0.33254099841157314       0.32000000000000001     
   4.6032748594340700E-004  0.32000000000000001     
   4.6032748594340700E-004  0.32000000000000001     
  0.33584990120353486       0.32000000000000001     
  0.33584990120353486       0.32000000000000001     
  0.33305306493541598       0.32000000000000001     
  0.33305306493541598       0.32000000000000001     
  0.47037529860802518       0.32000000000000001     
  0.47037529860802518       0.32000000000000001     
  0.66658366244582512       0.32250000000000001     
  0.66658366244582512       0.32250000000000001     
   7.3300912255683942E-004  0.32250000000000001     
   7.3300912255683942E-004  0.32250000000000001     
   1.1380495189711737E-003  0.32250000000000001     
   1.1380495189711737E-003  0.32250000000000001     
  0.34225399771979781       0.32250000000000001     
  0.34225399771979781       0.32250000000000001     
   8.3459528191838495E-003  0.32250000000000001     
   8.3459528191838495E-003  0.32250000000000001     
  0.32894297886881979       0.32250000000000001     
  0.32894297886881979       0.32250000000000001     
  0.33169844008458527       0.32250000000000001     
  0.33169844008458527       0.32250000000000001     
  0.46928622419530186       0.32250000000000001     
  0.46928622419530186       0.32250000000000001     
  0.66664266929515448       0.32500000000000001     
  0.66664266929515448       0.32500000000000001     
   2.5994773823864586E-003  0.32500000000000001     
   2.5994773823864586E-003  0.32500000000000001     
   9.6187545402534602E-004  0.32500000000000001     
   9.6187545402534602E-004  0.32500000000000001     
  0.33703645423933415       0.32500000000000001     
  0.33703645423933415       0.32500000000000001     
   4.0240879029817544E-003  0.32500000000000001     
   4.0240879029817544E-003  0.32500000000000001     
  0.32993091675369884       0.32500000000000001     
  0.32993091675369884       0.32500000000000001     
  0.33505217689930444       0.32500000000000001     
  0.33505217689930444       0.32500000000000001     
  0.46995286704833006       0.32500000000000001     
  0.46995286704833006       0.32500000000000001     
  0.66662738739074956       0.32750000000000001     
  0.66662738739074956       0.32750000000000001     
   3.2283172047871123E-003  0.32750000000000001     
   3.2283172047871123E-003  0.32750000000000001     
   1.6116899887706655E-003  0.32750000000000001     
   1.6116899887706655E-003  0.32750000000000001     
  0.32770569733229044       0.32750000000000001     
  0.32770569733229044       0.32750000000000001     
   6.9036866969970911E-003  0.32750000000000001     
   6.9036866969970911E-003  0.32750000000000001     
  0.33517662736000675       0.32750000000000001     
  0.33517662736000675       0.32750000000000001     
  0.33294719487078794       0.32750000000000001     
  0.33294719487078794       0.32750000000000001     
  0.47429840802254242       0.32750000000000001     
  0.47429840802254242       0.32750000000000001     
  0.66666431107698676       0.33000000000000002     
  0.66666431107698676       0.33000000000000002     
   1.7549816290919895E-003  0.33000000000000002     
   1.7549816290919895E-003  0.33000000000000002     
   8.6239318174102797E-004  0.33000000000000002     
   8.6239318174102797E-004  0.33000000000000002     
  0.33314933950143688       0.33000000000000002     
  0.33314933950143688       0.33000000000000002     
   1.0451952930318475E-003  0.33000000000000002     
   1.0451952930318475E-003  0.33000000000000002     
  0.33340648487198388       0.33000000000000002     
  0.33340648487198388       0.33000000000000002     
  0.33214521235343009       0.33000000000000002     
  0.33214521235343009       0.33000000000000002     
  0.47231868020418566       0.33000000000000002     
  0.47231868020418566       0.33000000000000002     
  0.66665467726967320       0.33250000000000002     
  0.66665467726967320       0.33250000000000002     
   2.6489975161896606E-003  0.33250000000000002     
   2.6489975161896606E-003  0.33250000000000002     
   3.8717055322661405E-003  0.33250000000000002     
   3.8717055322661405E-003  0.33250000000000002     
  0.33285176480697198       0.33250000000000002     
  0.33285176480697198       0.33250000000000002     
   1.7342235155474728E-003  0.33250000000000002     
   1.7342235155474728E-003  0.33250000000000002     
  0.33588596296038037       0.33250000000000002     
  0.33588596296038037       0.33250000000000002     
  0.33416046020195128       0.33250000000000002     
  0.33416046020195128       0.33250000000000002     
  0.46933314387960773       0.33250000000000002     
  0.46933314387960773       0.33250000000000002     
  0.66666261105818347       0.33500000000000002     
  0.66666261105818347       0.33500000000000002     
   9.3767067286840144E-004  0.33500000000000002     
   9.3767067286840144E-004  0.33500000000000002     
   1.9168919068342227E-004  0.33500000000000002     
   1.9168919068342227E-004  0.33500000000000002     
  0.33161435524132887       0.33500000000000002     
  0.33161435524132887       0.33500000000000002     
   1.3703867658533819E-003  0.33500000000000002     
   1.3703867658533819E-003  0.33500000000000002     
  0.33329292584660364       0.33500000000000002     
  0.33329292584660364       0.33500000000000002     
  0.33487779004432505       0.33500000000000002     
  0.33487779004432505       0.33500000000000002     
  0.47155354298660040       0.33500000000000002     
  0.47155354298660040       0.33500000000000002     
  0.66665771916301997       0.33750000000000002     
  0.66665771916301997       0.33750000000000002     
   4.0943140111139587E-004  0.33750000000000002     
   4.0943140111139587E-004  0.33750000000000002     
   2.1512775645667059E-003  0.33750000000000002     
   2.1512775645667059E-003  0.33750000000000002     
  0.33556954016367480       0.33750000000000002     
  0.33556954016367480       0.33750000000000002     
   1.2601270617813021E-003  0.33750000000000002     
   1.2601270617813021E-003  0.33750000000000002     
  0.33074738941059101       0.33750000000000002     
  0.33074738941059101       0.33750000000000002     
  0.33323569484718546       0.33750000000000002     
  0.33323569484718546       0.33750000000000002     
  0.47171419930566633       0.33750000000000002     
  0.47171419930566633       0.33750000000000002     
  0.66666386462857363       0.34000000000000002     
  0.66666386462857363       0.34000000000000002     
   3.0043511712110615E-004  0.34000000000000002     
   3.0043511712110615E-004  0.34000000000000002     
   2.9379826895958860E-004  0.34000000000000002     
   2.9379826895958860E-004  0.34000000000000002     
  0.33492102662145212       0.34000000000000002     
  0.33492102662145212       0.34000000000000002     
   1.5008461020587505E-003  0.34000000000000002     
   1.5008461020587505E-003  0.34000000000000002     
  0.33238421225559739       0.34000000000000002     
  0.33238421225559739       0.34000000000000002     
  0.33323061950568861       0.34000000000000002     
  0.33323061950568861       0.34000000000000002     
  0.47102316522464249       0.34000000000000002     
  0.47102316522464249       0.34000000000000002     
  0.66664629556272315       0.34250000000000003     
  0.66664629556272315       0.34250000000000003     
   8.0209523269073046E-004  0.34250000000000003     
   8.0209523269073046E-004  0.34250000000000003     
   3.7016215265109065E-003  0.34250000000000003     
   3.7016215265109065E-003  0.34250000000000003     
  0.33506797314571890       0.34250000000000003     
  0.33506797314571890       0.34250000000000003     
   6.4178354614738420E-004  0.34250000000000003     
   6.4178354614738420E-004  0.34250000000000003     
  0.32887136658054406       0.34250000000000003     
  0.32887136658054406       0.34250000000000003     
  0.33529020125906994       0.34250000000000003     
  0.33529020125906994       0.34250000000000003     
  0.47193376868618475       0.34250000000000003     
  0.47193376868618475       0.34250000000000003     
  0.66663384709253370       0.34499999999999997     
  0.66663384709253370       0.34499999999999997     
   8.6824416479507061E-004  0.34499999999999997     
   8.6824416479507061E-004  0.34499999999999997     
   1.2114033213092568E-003  0.34499999999999997     
   1.2114033213092568E-003  0.34499999999999997     
  0.33894162342540513       0.34499999999999997     
  0.33894162342540513       0.34499999999999997     
   4.6328644338896052E-003  0.34499999999999997     
   4.6328644338896052E-003  0.34499999999999997     
  0.33075429550097796       0.34499999999999997     
  0.33075429550097796       0.34499999999999997     
  0.33125207426122061       0.34499999999999997     
  0.33125207426122061       0.34499999999999997     
  0.47070991964307302       0.34499999999999997     
  0.47070991964307302       0.34499999999999997     
  0.66663493936527052       0.34749999999999998     
  0.66663493936527052       0.34749999999999998     
   3.0750886429992269E-003  0.34749999999999998     
   3.0750886429992269E-003  0.34749999999999998     
   3.7120249485794732E-005  0.34749999999999998     
   3.7120249485794732E-005  0.34749999999999998     
  0.33802309236295391       0.34749999999999998     
  0.33802309236295391       0.34749999999999998     
   3.4245455802658920E-003  0.34749999999999998     
   3.4245455802658920E-003  0.34749999999999998     
  0.33332829222610194       0.34749999999999998     
  0.33332829222610194       0.34749999999999998     
  0.32883273885632536       0.34749999999999998     
  0.32883273885632536       0.34749999999999998     
  0.47125184895951022       0.34749999999999998     
  0.47125184895951022       0.34749999999999998     
  0.66666398837319474       0.34999999999999998     
  0.66666398837319474       0.34999999999999998     
   1.6429039391270550E-003  0.34999999999999998     
   1.6429039391270550E-003  0.34999999999999998     
   5.7031436867258090E-004  0.34999999999999998     
   5.7031436867258090E-004  0.34999999999999998     
  0.33409285060860738       0.34999999999999998     
  0.33409285060860738       0.34999999999999998     
   1.4529363121152383E-003  0.34999999999999998     
   1.4529363121152383E-003  0.34999999999999998     
  0.33283884095016247       0.34999999999999998     
  0.33283884095016247       0.34999999999999998     
  0.33436091141056690       0.34999999999999998     
  0.33436091141056690       0.34999999999999998     
  0.47048592895216912       0.34999999999999998     
  0.47048592895216912       0.34999999999999998     
  0.66665960705043514       0.35249999999999998     
  0.66665960705043514       0.35249999999999998     
   2.7238036314353453E-003  0.35249999999999998     
   2.7238036314353453E-003  0.35249999999999998     
   3.3844427340268268E-004  0.35249999999999998     
   3.3844427340268268E-004  0.35249999999999998     
  0.33266963812352957       0.35249999999999998     
  0.33266963812352957       0.35249999999999998     
   3.9009566074482693E-004  0.35249999999999998     
   3.9009566074482693E-004  0.35249999999999998     
  0.33259572144829153       0.35249999999999998     
  0.33259572144829153       0.35249999999999998     
  0.33595904673519267       0.35249999999999998     
  0.33595904673519267       0.35249999999999998     
  0.47053136289449882       0.35249999999999998     
  0.47053136289449882       0.35249999999999998     
  0.66663993688149792       0.35499999999999998     
  0.66663993688149792       0.35499999999999998     
   1.3311010080768182E-003  0.35499999999999998     
   1.3311010080768182E-003  0.35499999999999998     
   5.6410114257665900E-003  0.35499999999999998     
   5.6410114257665900E-003  0.35499999999999998     
  0.33252422978013563       0.35499999999999998     
  0.33252422978013563       0.35499999999999998     
   1.5501393225777482E-003  0.35499999999999998     
   1.5501393225777482E-003  0.35499999999999998     
  0.33828040330291104       0.35499999999999998     
  0.33828040330291104       0.35499999999999998     
  0.33220745074422614       0.35499999999999998     
  0.33220745074422614       0.35499999999999998     
  0.46924127898856099       0.35499999999999998     
  0.46924127898856099       0.35499999999999998     
  0.66664837201993488       0.35749999999999998     
  0.66664837201993488       0.35749999999999998     
   1.8748390625920180E-003  0.35749999999999998     
   1.8748390625920180E-003  0.35749999999999998     
   4.8572283543982242E-003  0.35749999999999998     
   4.8572283543982242E-003  0.35749999999999998     
  0.33279384377990451       0.35749999999999998     
  0.33279384377990451       0.35749999999999998     
   2.7544202728194134E-003  0.35749999999999998     
   2.7544202728194134E-003  0.35749999999999998     
  0.32981068741227959       0.35749999999999998     
  0.32981068741227959       0.35749999999999998     
  0.33401828985421744       0.35749999999999998     
  0.33401828985421744       0.35749999999999998     
  0.47376172040443726       0.35749999999999998     
  0.47376172040443726       0.35749999999999998     
  0.66666442891050315       0.35999999999999999     
  0.66666442891050315       0.35999999999999999     
   1.0630446497633672E-003  0.35999999999999999     
   1.0630446497633672E-003  0.35999999999999999     
   1.5390349637252401E-003  0.35999999999999999     
   1.5390349637252401E-003  0.35999999999999999     
  0.33393483975940230       0.35999999999999999     
  0.33393483975940230       0.35999999999999999     
   2.9687246466403305E-004  0.35999999999999999     
   2.9687246466403305E-004  0.35999999999999999     
  0.33218191952883847       0.35999999999999999     
  0.33218191952883847       0.35999999999999999     
  0.33285690177583277       0.35999999999999999     
  0.33285690177583277       0.35999999999999999     
  0.47212698988339424       0.35999999999999999     
  0.47212698988339424       0.35999999999999999     
  0.66666081387846621       0.36249999999999999     
  0.66666081387846621       0.36249999999999999     
   3.1908766133273425E-004  0.36249999999999999     
   3.1908766133273425E-004  0.36249999999999999     
   9.3270328862989776E-004  0.36249999999999999     
   9.3270328862989776E-004  0.36249999999999999     
  0.33546849733728551       0.36249999999999999     
  0.33546849733728551       0.36249999999999999     
   2.2183442999881842E-003  0.36249999999999999     
   2.2183442999881842E-003  0.36249999999999999     
  0.33366219355431581       0.36249999999999999     
  0.33366219355431581       0.36249999999999999     
  0.33187477402274346       0.36249999999999999     
  0.33187477402274346       0.36249999999999999     
  0.47068778695944896       0.36249999999999999     
  0.47068778695944896       0.36249999999999999     
  0.66665808760479983       0.36499999999999999     
  0.66665808760479983       0.36499999999999999     
   6.9713239481797307E-004  0.36499999999999999     
   6.9713239481797307E-004  0.36499999999999999     
   1.8072108581349070E-003  0.36499999999999999     
   1.8072108581349070E-003  0.36499999999999999     
  0.33086431222451118       0.36499999999999999     
  0.33086431222451118       0.36499999999999999     
   3.1609029718588921E-003  0.36499999999999999     
   3.1609029718588921E-003  0.36499999999999999     
  0.33278746475518561       0.36499999999999999     
  0.33278746475518561       0.36499999999999999     
  0.33434005352946516       0.36499999999999999     
  0.33434005352946516       0.36499999999999999     
  0.47281207030523359       0.36499999999999999     
  0.47281207030523359       0.36499999999999999     
  0.66663649514195478       0.36749999999999999     
  0.66663649514195478       0.36749999999999999     
   3.1471114763234886E-003  0.36749999999999999     
   3.1471114763234886E-003  0.36749999999999999     
   6.3214110542030230E-003  0.36749999999999999     
   6.3214110542030230E-003  0.36749999999999999     
  0.33288406627424344       0.36749999999999999     
  0.33288406627424344       0.36749999999999999     
   3.5683496795397840E-003  0.36749999999999999     
   3.5683496795397840E-003  0.36749999999999999     
  0.32898795420540305       0.36749999999999999     
  0.32898795420540305       0.36749999999999999     
  0.33346832902097323       0.36749999999999999     
  0.33346832902097323       0.36749999999999999     
  0.47464423279865153       0.36749999999999999     
  0.47464423279865153       0.36749999999999999     
  0.66664209078062597       0.37000000000000000     
  0.66664209078062597       0.37000000000000000     
   4.7350706580489843E-003  0.37000000000000000     
   4.7350706580489843E-003  0.37000000000000000     
   4.9307910764853358E-003  0.37000000000000000     
   4.9307910764853358E-003  0.37000000000000000     
  0.33223591086262866       0.37000000000000000     
  0.33223591086262866       0.37000000000000000     
   2.2283704094478440E-003  0.37000000000000000     
   2.2283704094478440E-003  0.37000000000000000     
  0.33610105080311770       0.37000000000000000     
  0.33610105080311770       0.37000000000000000     
  0.33582559348946395       0.37000000000000000     
  0.33582559348946395       0.37000000000000000     
  0.46841556508455617       0.37000000000000000     
  0.46841556508455617       0.37000000000000000     
  0.66664038175199747       0.37250000000000000     
  0.66664038175199747       0.37250000000000000     
   3.3186904174040133E-003  0.37250000000000000     
   3.3186904174040133E-003  0.37250000000000000     
   5.4148445930563005E-004  0.37250000000000000     
   5.4148445930563005E-004  0.37250000000000000     
  0.33741439883228275       0.37250000000000000     
  0.33741439883228275       0.37250000000000000     
   2.5782471373129168E-003  0.37250000000000000     
   2.5782471373129168E-003  0.37250000000000000     
  0.33308574993818962       0.37250000000000000     
  0.33308574993818962       0.37250000000000000     
  0.32908512458001327       0.37250000000000000     
  0.32908512458001327       0.37250000000000000     
  0.47167891481409130       0.37250000000000000     
  0.47167891481409130       0.37250000000000000     
  0.66666134019388434       0.37500000000000000     
  0.66666134019388434       0.37500000000000000     
   2.2009477885247541E-003  0.37500000000000000     
   2.2009477885247541E-003  0.37500000000000000     
   4.0099110932930587E-004  0.37500000000000000     
   4.0099110932930587E-004  0.37500000000000000     
  0.33442249493364667       0.37500000000000000     
  0.33442249493364667       0.37500000000000000     
   1.5918799798669836E-004  0.37500000000000000     
   1.5918799798669836E-004  0.37500000000000000     
  0.33363825676388054       0.37500000000000000     
  0.33363825676388054       0.37500000000000000     
  0.33108022161809336       0.37500000000000000     
  0.33108022161809336       0.37500000000000000     
  0.47200697732957647       0.37500000000000000     
  0.47200697732957647       0.37500000000000000     
  0.66658066268173011       0.37750000000000000     
  0.66658066268173011       0.37750000000000000     
   3.8497656576060302E-003  0.37750000000000000     
   3.8497656576060302E-003  0.37750000000000000     
   6.5883397627718165E-003  0.37750000000000000     
   6.5883397627718165E-003  0.37750000000000000     
  0.33483823034510385       0.37750000000000000     
  0.33483823034510385       0.37750000000000000     
   2.1394288616649881E-003  0.37750000000000000     
   2.1394288616649881E-003  0.37750000000000000     
  0.34092920041316521       0.37750000000000000     
  0.34092920041316521       0.37750000000000000     
  0.32607241062296000       0.37750000000000000     
  0.32607241062296000       0.37750000000000000     
  0.47003702301579520       0.37750000000000000     
  0.47003702301579520       0.37750000000000000     
  0.66666081431432878       0.38000000000000000     
  0.66666081431432878       0.38000000000000000     
   7.1798272897358184E-004  0.38000000000000000     
   7.1798272897358184E-004  0.38000000000000000     
   2.6864271958221900E-003  0.38000000000000000     
   2.6864271958221900E-003  0.38000000000000000     
  0.33313862808011652       0.38000000000000000     
  0.33313862808011652       0.38000000000000000     
   9.4897420776363095E-004  0.38000000000000000     
   9.4897420776363095E-004  0.38000000000000000     
  0.33558997725079198       0.38000000000000000     
  0.33558997725079198       0.38000000000000000     
  0.33280861394417494       0.38000000000000000     
  0.33280861394417494       0.38000000000000000     
  0.47030961924378784       0.38000000000000000     
  0.47030961924378784       0.38000000000000000     
  0.66663555728506951       0.38250000000000001     
  0.66663555728506951       0.38250000000000001     
   1.7114762618213875E-003  0.38250000000000001     
   1.7114762618213875E-003  0.38250000000000001     
   6.2075473738096021E-003  0.38250000000000001     
   6.2075473738096021E-003  0.38250000000000001     
  0.33382568104059396       0.38250000000000001     
  0.33382568104059396       0.38250000000000001     
   2.1863401568888718E-003  0.38250000000000001     
   2.1863401568888718E-003  0.38250000000000001     
  0.32810919675618694       0.38250000000000001     
  0.32810919675618694       0.38250000000000001     
  0.33448172567047463       0.38250000000000001     
  0.33448172567047463       0.38250000000000001     
  0.47389608551071905       0.38250000000000001     
  0.47389608551071905       0.38250000000000001     
  0.66665567829973582       0.38500000000000001     
  0.66665567829973582       0.38500000000000001     
   1.7182309490578612E-003  0.38500000000000001     
   1.7182309490578612E-003  0.38500000000000001     
   2.8832212849715100E-003  0.38500000000000001     
   2.8832212849715100E-003  0.38500000000000001     
  0.33116796221877554       0.38500000000000001     
  0.33116796221877554       0.38500000000000001     
   3.5724482961039528E-003  0.38500000000000001     
   3.5724482961039528E-003  0.38500000000000001     
  0.33214466642845486       0.38500000000000001     
  0.33214466642845486       0.38500000000000001     
  0.33377630101602357       0.38500000000000001     
  0.33377630101602357       0.38500000000000001     
  0.47344189217675953       0.38500000000000001     
  0.47344189217675953       0.38500000000000001     
  0.66663768151513647       0.38750000000000001     
  0.66663768151513647       0.38750000000000001     
   2.2449209705739936E-003  0.38750000000000001     
   2.2449209705739936E-003  0.38750000000000001     
   2.4996539781168281E-003  0.38750000000000001     
   2.4996539781168281E-003  0.38750000000000001     
  0.32849223310843029       0.38750000000000001     
  0.32849223310843029       0.38750000000000001     
   2.9371770524229679E-003  0.38750000000000001     
   2.9371770524229679E-003  0.38750000000000001     
  0.33627047528403586       0.38750000000000001     
  0.33627047528403586       0.38750000000000001     
  0.33591794648596401       0.38750000000000001     
  0.33591794648596401       0.38750000000000001     
  0.47090169272023941       0.38750000000000001     
  0.47090169272023941       0.38750000000000001     
  0.66665831531670505       0.39000000000000001     
  0.66665831531670505       0.39000000000000001     
   1.5843640079572507E-003  0.39000000000000001     
   1.5843640079572507E-003  0.39000000000000001     
   6.6265634609885549E-004  0.39000000000000001     
   6.6265634609885549E-004  0.39000000000000001     
  0.33586685312605291       0.39000000000000001     
  0.33586685312605291       0.39000000000000001     
   3.1401622914457861E-003  0.39000000000000001     
   3.1401622914457861E-003  0.39000000000000001     
  0.33235773408827574       0.39000000000000001     
  0.33235773408827574       0.39000000000000001     
  0.33367621382914009       0.39000000000000001     
  0.33367621382914009       0.39000000000000001     
  0.47004874499165505       0.39000000000000001     
  0.47004874499165505       0.39000000000000001     
  0.66665913439169400       0.39250000000000002     
  0.66665913439169400       0.39250000000000002     
   2.0747889782809920E-003  0.39250000000000002     
   2.0747889782809920E-003  0.39250000000000002     
   6.0842152463408405E-004  0.39250000000000002     
   6.0842152463408405E-004  0.39250000000000002     
  0.33207139606114033       0.39250000000000002     
  0.33207139606114033       0.39250000000000002     
   7.1008846237058387E-004  0.39250000000000002     
   7.1008846237058387E-004  0.39250000000000002     
  0.33221690898705858       0.39250000000000002     
  0.33221690898705858       0.39250000000000002     
  0.33598999905225185       0.39250000000000002     
  0.33598999905225185       0.39250000000000002     
  0.47120231039536664       0.39250000000000002     
  0.47120231039536664       0.39250000000000002     
  0.66655231534751125       0.39500000000000002     
  0.66655231534751125       0.39500000000000002     
   1.1328286431170689E-002  0.39500000000000002     
   1.1328286431170689E-002  0.39500000000000002     
   7.0853843331885602E-003  0.39500000000000002     
   7.0853843331885602E-003  0.39500000000000002     
  0.32926840704709898       0.39500000000000002     
  0.32926840704709898       0.39500000000000002     
   2.4598444590623048E-003  0.39500000000000002     
   2.4598444590623048E-003  0.39500000000000002     
  0.33607159339628212       0.39500000000000002     
  0.33607159339628212       0.39500000000000002     
  0.34196551806335640       0.39500000000000002     
  0.34196551806335640       0.39500000000000002     
  0.46606992621004989       0.39500000000000002     
  0.46606992621004989       0.39500000000000002     
  0.66664024259672328       0.39750000000000002     
  0.66664024259672328       0.39750000000000002     
   5.5288683077164835E-004  0.39750000000000002     
   5.5288683077164835E-004  0.39750000000000002     
   3.3569184180254064E-003  0.39750000000000002     
   3.3569184180254064E-003  0.39750000000000002     
  0.32923441552646282       0.39750000000000002     
  0.32923441552646282       0.39750000000000002     
   2.5426544373164939E-003  0.39750000000000002     
   2.5426544373164939E-003  0.39750000000000002     
  0.33759036780100188       0.39750000000000002     
  0.33759036780100188       0.39750000000000002     
  0.33369708869478970       0.39750000000000002     
  0.33369708869478970       0.39750000000000002     
  0.47101635595271368       0.39750000000000002     
  0.47101635595271368       0.39750000000000002     
  0.66663698372627389       0.40000000000000002     
  0.66663698372627389       0.40000000000000002     
   1.5507497492609490E-003  0.40000000000000002     
   1.5507497492609490E-003  0.40000000000000002     
   7.8753999359068572E-004  0.40000000000000002     
   7.8753999359068572E-004  0.40000000000000002     
  0.32827627086206645       0.40000000000000002     
  0.32827627086206645       0.40000000000000002     
   4.4957861529016374E-003  0.40000000000000002     
   4.4957861529016374E-003  0.40000000000000002     
  0.33360407360410166       0.40000000000000002     
  0.33360407360410166       0.40000000000000002     
  0.33683681719225067       0.40000000000000002     
  0.33683681719225067       0.40000000000000002     
  0.47228786724004729       0.40000000000000002     
  0.47228786724004729       0.40000000000000002     
  0.66661573340756763       0.40250000000000002     
  0.66661573340756763       0.40250000000000002     
   2.6178117852128369E-003  0.40250000000000002     
   2.6178117852128369E-003  0.40250000000000002     
   7.3799081296169328E-003  0.40250000000000002     
   7.3799081296169328E-003  0.40250000000000002     
  0.33629493481397948       0.40250000000000002     
  0.33629493481397948       0.40250000000000002     
   6.1077901906393950E-003  0.40250000000000002     
   6.1077901906393950E-003  0.40250000000000002     
  0.33807759977292168       0.40250000000000002     
  0.33807759977292168       0.40250000000000002     
  0.33125211053359421       0.40250000000000002     
  0.33125211053359421       0.40250000000000002     
  0.46733938375740541       0.40250000000000002     
  0.46733938375740541       0.40250000000000002     
  0.66662587719391220       0.40500000000000003     
  0.66662587719391220       0.40500000000000003     
   4.9273958417541674E-003  0.40500000000000003     
   4.9273958417541674E-003  0.40500000000000003     
   2.2133414420143077E-003  0.40500000000000003     
   2.2133414420143077E-003  0.40500000000000003     
  0.33248098914356417       0.40500000000000003     
  0.33248098914356417       0.40500000000000003     
   1.7962285332250305E-003  0.40500000000000003     
   1.7962285332250305E-003  0.40500000000000003     
  0.33801626951361324       0.40500000000000003     
  0.33801626951361324       0.40500000000000003     
  0.32795800861640434       0.40500000000000003     
  0.32795800861640434       0.40500000000000003     
  0.47246421811445199       0.40500000000000003     
  0.47246421811445199       0.40500000000000003     
  0.66665466951435137       0.40749999999999997     
  0.66665466951435137       0.40749999999999997     
   1.7078660066218582E-003  0.40749999999999997     
   1.7078660066218582E-003  0.40749999999999997     
   2.4325046040497011E-003  0.40749999999999997     
   2.4325046040497011E-003  0.40749999999999997     
  0.33062445002822771       0.40749999999999997     
  0.33062445002822771       0.40749999999999997     
   3.9295020543714254E-003  0.40749999999999997     
   3.9295020543714254E-003  0.40749999999999997     
  0.33274565686624469       0.40749999999999997     
  0.33274565686624469       0.40749999999999997     
  0.33375808488650671       0.40749999999999997     
  0.33375808488650671       0.40749999999999997     
  0.47341375402493557       0.40749999999999997     
  0.47341375402493557       0.40749999999999997     
  0.66661335938421473       0.40999999999999998     
  0.66661335938421473       0.40999999999999998     
   7.3934362482551003E-003  0.40999999999999998     
   7.3934362482551003E-003  0.40999999999999998     
   1.3881633483754097E-003  0.40999999999999998     
   1.3881633483754097E-003  0.40999999999999998     
  0.33594610877701803       0.40999999999999998     
  0.33594610877701803       0.40999999999999998     
   5.3441858057740321E-003  0.40999999999999998     
   5.3441858057740321E-003  0.40999999999999998     
  0.33021122152168209       0.40999999999999998     
  0.33021122152168209       0.40999999999999998     
  0.33880435821751775       0.40999999999999998     
  0.33880435821751775       0.40999999999999998     
  0.46781813881744472       0.40999999999999998     
  0.46781813881744472       0.40999999999999998     
  0.66666104547490401       0.41249999999999998     
  0.66666104547490401       0.41249999999999998     
   4.9230770905020482E-004  0.41249999999999998     
   4.9230770905020482E-004  0.41249999999999998     
   3.5495377209744661E-004  0.41249999999999998     
   3.5495377209744661E-004  0.41249999999999998     
  0.33558132193720569       0.41249999999999998     
  0.33558132193720569       0.41249999999999998     
   2.0773263965500610E-003  0.41249999999999998     
   2.0773263965500610E-003  0.41249999999999998     
  0.33316062000274915       0.41249999999999998     
  0.33316062000274915       0.41249999999999998     
  0.33195020383267243       0.41249999999999998     
  0.33195020383267243       0.41249999999999998     
  0.47091036379287216       0.41249999999999998     
  0.47091036379287216       0.41249999999999998     
  0.66665042860366830       0.41499999999999998     
  0.66665042860366830       0.41499999999999998     
   5.1310417869163127E-004  0.41499999999999998     
   5.1310417869163127E-004  0.41499999999999998     
   4.4060848347265980E-004  0.41499999999999998     
   4.4060848347265980E-004  0.41499999999999998     
  0.33726760063080052       0.41499999999999998     
  0.33726760063080052       0.41499999999999998     
   3.7461555793027179E-003  0.41499999999999998     
   3.7461555793027179E-003  0.41499999999999998     
  0.33136278970099120       0.41499999999999998     
  0.33136278970099120       0.41499999999999998     
  0.33273572777437332       0.41499999999999998     
  0.33273572777437332       0.41499999999999998     
  0.47042415082721040       0.41499999999999998     
  0.47042415082721040       0.41499999999999998     
  0.66662678499918526       0.41749999999999998     
  0.66662678499918526       0.41749999999999998     
   1.6583505420634248E-003  0.41749999999999998     
   1.6583505420634248E-003  0.41749999999999998     
   6.6129021931547322E-003  0.41749999999999998     
   6.6129021931547322E-003  0.41749999999999998     
  0.33540011650705864       0.41749999999999998     
  0.33540011650705864       0.41749999999999998     
   8.1298306237581608E-004  0.41749999999999998     
   8.1298306237581608E-004  0.41749999999999998     
  0.32716476240782405       0.41749999999999998     
  0.32716476240782405       0.41749999999999998     
  0.33423711847819132       0.41749999999999998     
  0.33423711847819132       0.41749999999999998     
  0.47362124192108390       0.41749999999999998     
  0.47362124192108390       0.41749999999999998     
  0.66665648483575812       0.41999999999999998     
  0.66665648483575812       0.41999999999999998     
   5.9049832450086548E-004  0.41999999999999998     
   5.9049832450086548E-004  0.41999999999999998     
   2.1965755714953711E-003  0.41999999999999998     
   2.1965755714953711E-003  0.41999999999999998     
  0.33140494291921596       0.41999999999999998     
  0.33140494291921596       0.41999999999999998     
   1.2897960333590475E-003  0.41999999999999998     
   1.2897960333590475E-003  0.41999999999999998     
  0.33631473668146533       0.41999999999999998     
  0.33631473668146533       0.41999999999999998     
  0.33240729987860351       0.41999999999999998     
  0.33240729987860351       0.41999999999999998     
  0.47130755013117659       0.41999999999999998     
  0.47130755013117659       0.41999999999999998     
  0.66661252020450723       0.42249999999999999     
  0.66661252020450723       0.42249999999999999     
   5.2076101852402829E-003  0.42249999999999999     
   5.2076101852402829E-003  0.42249999999999999     
   3.8563664151891330E-003  0.42249999999999999     
   3.8563664151891330E-003  0.42249999999999999     
  0.33898287749684053       0.42249999999999999     
  0.33898287749684053       0.42249999999999999     
   8.3695489078736418E-003  0.42249999999999999     
   8.3695489078736418E-003  0.42249999999999999     
  0.33256525189164587       0.42249999999999999     
  0.33256525189164587       0.42249999999999999     
  0.33452586424356517       0.42249999999999999     
  0.33452586424356517       0.42249999999999999     
  0.46701079221549652       0.42249999999999999     
  0.46701079221549652       0.42249999999999999     
  0.66664975772818169       0.42499999999999999     
  0.66664975772818169       0.42499999999999999     
   2.5118492338504633E-003  0.42499999999999999     
   2.5118492338504633E-003  0.42499999999999999     
   3.7171678502029293E-003  0.42499999999999999     
   3.7171678502029293E-003  0.42499999999999999     
  0.33085364427795400       0.42499999999999999     
  0.33085364427795400       0.42499999999999999     
   2.3417825080512822E-004  0.42499999999999999     
   2.3417825080512822E-004  0.42499999999999999     
  0.33647833919785997       0.42499999999999999     
  0.33647833919785997       0.42499999999999999     
  0.33479256494034393       0.42499999999999999     
  0.33479256494034393       0.42499999999999999     
  0.46988297994389316       0.42499999999999999     
  0.46988297994389316       0.42499999999999999     
  0.66662622257347015       0.42749999999999999     
  0.66662622257347015       0.42749999999999999     
   1.1254718190369661E-003  0.42749999999999999     
   1.1254718190369661E-003  0.42749999999999999     
   3.3613442962182744E-003  0.42749999999999999     
   3.3613442962182744E-003  0.42749999999999999     
  0.32840572090662606       0.42749999999999999     
  0.32840572090662606       0.42749999999999999     
   5.4082724455506437E-003  0.42749999999999999     
   5.4082724455506437E-003  0.42749999999999999     
  0.33135659779903898       0.42749999999999999     
  0.33135659779903898       0.42749999999999999     
  0.33756304308967633       0.42749999999999999     
  0.33756304308967633       0.42749999999999999     
  0.47325607049324503       0.42749999999999999     
  0.47325607049324503       0.42749999999999999     
  0.66662495117111087       0.42999999999999999     
  0.66662495117111087       0.42999999999999999     
   1.7365773283601338E-003  0.42999999999999999     
   1.7365773283601338E-003  0.42999999999999999     
   4.0640178986344200E-003  0.42999999999999999     
   4.0640178986344200E-003  0.42999999999999999     
  0.33719999424001013       0.42999999999999999     
  0.33719999424001013       0.42999999999999999     
   4.3704104962457579E-003  0.42999999999999999     
   4.3704104962457579E-003  0.42999999999999999     
  0.33677606915652619       0.42999999999999999     
  0.33677606915652619       0.42999999999999999     
  0.32842914454759031       0.42999999999999999     
  0.32842914454759031       0.42999999999999999     
  0.46966461042876306       0.42999999999999999     
  0.46966461042876306       0.42999999999999999     
  0.66665663294904753       0.43250000000000000     
  0.66665663294904753       0.43250000000000000     
   1.5063520273475572E-003  0.43250000000000000     
   1.5063520273475572E-003  0.43250000000000000     
   3.3894617249492220E-003  0.43250000000000000     
   3.3894617249492220E-003  0.43250000000000000     
  0.33449872322037033       0.43250000000000000     
  0.33449872322037033       0.43250000000000000     
   2.7303093104286136E-003  0.43250000000000000     
   2.7303093104286136E-003  0.43250000000000000     
  0.33542850652046291       0.43250000000000000     
  0.33542850652046291       0.43250000000000000     
  0.33275132790065043       0.43250000000000000     
  0.33275132790065043       0.43250000000000000     
  0.46949181107893445       0.43250000000000000     
  0.46949181107893445       0.43250000000000000     
  0.66664277345683021       0.43500000000000000     
  0.66664277345683021       0.43500000000000000     
   2.9477854672530501E-003  0.43500000000000000     
   2.9477854672530501E-003  0.43500000000000000     
   4.5535398027678198E-004  0.43500000000000000     
   4.5535398027678198E-004  0.43500000000000000     
  0.33701485988128016       0.43500000000000000     
  0.33701485988128016       0.43500000000000000     
   4.2897111366962948E-003  0.43500000000000000     
   4.2897111366962948E-003  0.43500000000000000     
  0.33024975792027822       0.43500000000000000     
  0.33024975792027822       0.43500000000000000     
  0.33514306459806509       0.43500000000000000     
  0.33514306459806509       0.43500000000000000     
  0.46967572447156980       0.43500000000000000     
  0.46967572447156980       0.43500000000000000     
  0.66658569167168136       0.43750000000000000     
  0.66658569167168136       0.43750000000000000     
   8.9264854629839407E-003  0.43750000000000000     
   8.9264854629839407E-003  0.43750000000000000     
   5.7125668096621035E-003  0.43750000000000000     
   5.7125668096621035E-003  0.43750000000000000     
  0.33772406396323701       0.43750000000000000     
  0.33772406396323701       0.43750000000000000     
   9.0513109644335121E-003  0.43750000000000000     
   9.0513109644335121E-003  0.43750000000000000     
  0.33291057023534931       0.43750000000000000     
  0.33291057023534931       0.43750000000000000     
  0.33754780537209139       0.43750000000000000     
  0.33754780537209139       0.43750000000000000     
  0.46545002514114020       0.43750000000000000     
  0.46545002514114020       0.43750000000000000     
  0.66665306479656727       0.44000000000000000     
  0.66665306479656727       0.44000000000000000     
   8.0426656257875928E-005  0.44000000000000000     
   8.0426656257875928E-005  0.44000000000000000     
   3.4403395890175020E-003  0.44000000000000000     
   3.4403395890175020E-003  0.44000000000000000     
  0.33453924254889894       0.44000000000000000     
  0.33453924254889894       0.44000000000000000     
   2.2375121633055328E-003  0.44000000000000000     
   2.2375121633055328E-003  0.44000000000000000     
  0.33622426963691210       0.44000000000000000     
  0.33622426963691210       0.44000000000000000     
  0.33121817513221896       0.44000000000000000     
  0.33121817513221896       0.44000000000000000     
  0.46998730046596143       0.44000000000000000     
  0.46998730046596143       0.44000000000000000     
  0.66664114254446261       0.44250000000000000     
  0.66664114254446261       0.44250000000000000     
   2.9587002364651060E-003  0.44250000000000000     
   2.9587002364651060E-003  0.44250000000000000     
   3.4767064720354346E-003  0.44250000000000000     
   3.4767064720354346E-003  0.44250000000000000     
  0.32945316834716587       0.44250000000000000     
  0.32945316834716587       0.44250000000000000     
   5.7916927929395068E-003  0.44250000000000000     
   5.7916927929395068E-003  0.44250000000000000     
  0.33272901531986371       0.44250000000000000     
  0.33272901531986371       0.44250000000000000     
  0.33344898709134069       0.44250000000000000     
  0.33344898709134069       0.44250000000000000     
  0.47444594139712870       0.44250000000000000     
  0.47444594139712870       0.44250000000000000     
  0.66663730581958691       0.44500000000000001     
  0.66663730581958691       0.44500000000000001     
   4.7755768691506439E-003  0.44500000000000001     
   4.7755768691506439E-003  0.44500000000000001     
   1.0176008637075851E-003  0.44500000000000001     
   1.0176008637075851E-003  0.44500000000000001     
  0.33251431594684461       0.44500000000000001     
  0.33251431594684461       0.44500000000000001     
   2.0803209761758867E-003  0.44500000000000001     
   2.0803209761758867E-003  0.44500000000000001     
  0.33680420853047321       0.44500000000000001     
  0.33680420853047321       0.44500000000000001     
  0.32864232403515037       0.44500000000000001     
  0.32864232403515037       0.44500000000000001     
  0.47281907202561479       0.44500000000000001     
  0.47281907202561479       0.44500000000000001     
  0.66661555243249637       0.44750000000000001     
  0.66661555243249637       0.44750000000000001     
   1.8864039836137825E-003  0.44750000000000001     
   1.8864039836137825E-003  0.44750000000000001     
   2.7195194809064016E-003  0.44750000000000001     
   2.7195194809064016E-003  0.44750000000000001     
  0.32657902333253586       0.44750000000000001     
  0.32657902333253586       0.44750000000000001     
   4.7620650585062374E-003  0.44750000000000001     
   4.7620650585062374E-003  0.44750000000000001     
  0.33729291700130964       0.44750000000000001     
  0.33729291700130964       0.44750000000000001     
  0.33614973516383490       0.44750000000000001     
  0.33614973516383490       0.44750000000000001     
  0.47135233424481521       0.44750000000000001     
  0.47135233424481521       0.44750000000000001     
  0.66665067316160587       0.45000000000000001     
  0.66665067316160587       0.45000000000000001     
   4.0941512549275416E-003  0.45000000000000001     
   4.0941512549275416E-003  0.45000000000000001     
   1.9572342605308213E-003  0.45000000000000001     
   1.9572342605308213E-003  0.45000000000000001     
  0.33516971191792977       0.45000000000000001     
  0.33516971191792977       0.45000000000000001     
   2.7043826049816255E-004  0.45000000000000001     
   2.7043826049816255E-004  0.45000000000000001     
  0.33282199621711805       0.45000000000000001     
  0.33282199621711805       0.45000000000000001     
  0.32977473720118367       0.45000000000000001     
  0.32977473720118367       0.45000000000000001     
  0.47296467505534501       0.45000000000000001     
  0.47296467505534501       0.45000000000000001     
  0.66663285672299377       0.45250000000000001     
  0.66663285672299377       0.45250000000000001     
   1.9270668486421338E-003  0.45250000000000001     
   1.9270668486421338E-003  0.45250000000000001     
   1.0493722694392693E-003  0.45250000000000001     
   1.0493722694392693E-003  0.45250000000000001     
  0.32774825428333543       0.45250000000000001     
  0.32774825428333543       0.45250000000000001     
   4.2309279508552788E-003  0.45250000000000001     
   4.2309279508552788E-003  0.45250000000000001     
  0.33532379028547649       0.45250000000000001     
  0.33532379028547649       0.45250000000000001     
  0.33653440426267689       0.45250000000000001     
  0.33653440426267689       0.45250000000000001     
  0.47165826098047647       0.45250000000000001     
  0.47165826098047647       0.45250000000000001     
  0.66666625809729230       0.45500000000000002     
  0.66666625809729230       0.45500000000000002     
   1.1508887660244271E-004  0.45500000000000002     
   1.1508887660244271E-004  0.45500000000000002     
   1.0132695592193763E-004  0.45500000000000002     
   1.0132695592193763E-004  0.45500000000000002     
  0.33393431916385835       0.45500000000000002     
  0.33393431916385835       0.45500000000000002     
   5.7145967165811440E-004  0.45500000000000002     
   5.7145967165811440E-004  0.45500000000000002     
  0.33298304219163105       0.45500000000000002     
  0.33298304219163105       0.45500000000000002     
  0.33328992969240051       0.45500000000000002     
  0.33328992969240051       0.45500000000000002     
  0.47125757415912728       0.45500000000000002     
  0.47125757415912728       0.45500000000000002     
  0.66663187525424306       0.45750000000000002     
  0.66663187525424306       0.45750000000000002     
   5.0192944556036179E-003  0.45750000000000002     
   5.0192944556036179E-003  0.45750000000000002     
   1.3461249508976980E-003  0.45750000000000002     
   1.3461249508976980E-003  0.45750000000000002     
  0.33432418977133777       0.45750000000000002     
  0.33432418977133777       0.45750000000000002     
   2.0898355965842663E-003  0.45750000000000002     
   2.0898355965842663E-003  0.45750000000000002     
  0.32935269278549933       0.45750000000000002     
  0.32935269278549933       0.45750000000000002     
  0.33839391892487886       0.45750000000000002     
  0.33839391892487886       0.45750000000000002     
  0.46990874618361156       0.45750000000000002     
  0.46990874618361156       0.45750000000000002     
  0.66664260153446508       0.46000000000000002     
  0.66664260153446508       0.46000000000000002     
   3.6526937147310923E-003  0.46000000000000002     
   3.6526937147310923E-003  0.46000000000000002     
   1.5456065282960785E-003  0.46000000000000002     
   1.5456065282960785E-003  0.46000000000000002     
  0.33705858436677938       0.46000000000000002     
  0.33705858436677938       0.46000000000000002     
   5.2467067872067896E-003  0.46000000000000002     
   5.2467067872067896E-003  0.46000000000000002     
  0.33178922968985303       0.46000000000000002     
  0.33178922968985303       0.46000000000000002     
  0.33481971492131757       0.46000000000000002     
  0.33481971492131757       0.46000000000000002     
  0.46877235753226432       0.46000000000000002     
  0.46877235753226432       0.46000000000000002     
  0.66660072407682169       0.46250000000000002     
  0.66660072407682169       0.46250000000000002     
   5.9970406587459002E-004  0.46250000000000002     
   5.9970406587459002E-004  0.46250000000000002     
   2.8127076031705112E-003  0.46250000000000002     
   2.8127076031705112E-003  0.46250000000000002     
  0.32559690916344997       0.46250000000000002     
  0.32559690916344997       0.46250000000000002     
   6.0859290428938451E-003  0.46250000000000002     
   6.0859290428938451E-003  0.46250000000000002     
  0.33828829040248531       0.46250000000000002     
  0.33828829040248531       0.46250000000000002     
  0.33526494030642967       0.46250000000000002     
  0.33526494030642967       0.46250000000000002     
  0.47195681410861012       0.46250000000000002     
  0.47195681410861012       0.46250000000000002     
  0.66663405705282397       0.46500000000000002     
  0.66663405705282397       0.46500000000000002     
   1.8022302847932048E-003  0.46500000000000002     
   1.8022302847932048E-003  0.46500000000000002     
   6.2207120092509505E-003  0.46500000000000002     
   6.2207120092509505E-003  0.46500000000000002     
  0.33195221553935211       0.46500000000000002     
  0.33195221553935211       0.46500000000000002     
   1.3699715396169321E-003  0.46500000000000002     
   1.3699715396169321E-003  0.46500000000000002     
  0.33878886542038816       0.46500000000000002     
  0.33878886542038816       0.46500000000000002     
  0.33257880816466889       0.46500000000000002     
  0.33257880816466889       0.46500000000000002     
  0.46901635748911696       0.46500000000000002     
  0.46901635748911696       0.46500000000000002     
  0.66666546163753326       0.46750000000000003     
  0.66666546163753326       0.46750000000000003     
   2.0841048546763052E-004  0.46750000000000003     
   2.0841048546763052E-004  0.46750000000000003     
   9.7178683195872639E-004  0.46750000000000003     
   9.7178683195872639E-004  0.46750000000000003     
  0.33328050617014399       0.46750000000000003     
  0.33328050617014399       0.46750000000000003     
   2.0243309820661137E-004  0.46750000000000003     
   2.0243309820661137E-004  0.46750000000000003     
  0.33436542597542740       0.46750000000000003     
  0.33436542597542740       0.46750000000000003     
  0.33269677832861000       0.46750000000000003     
  0.33269677832861000       0.46750000000000003     
  0.47116113739189319       0.46750000000000003     
  0.47116113739189319       0.46750000000000003     
  0.66659564607734489       0.46999999999999997     
  0.66659564607734489       0.46999999999999997     
   9.4620158881352223E-003  0.46999999999999997     
   9.4620158881352223E-003  0.46999999999999997     
   3.6653347900657829E-003  0.46999999999999997     
   3.6653347900657829E-003  0.46999999999999997     
  0.33164801301340180       0.46999999999999997     
  0.33164801301340180       0.46999999999999997     
   5.9744357856756358E-003  0.46999999999999997     
   5.9744357856756358E-003  0.46999999999999997     
  0.33481815839422979       0.46999999999999997     
  0.33481815839422979       0.46999999999999997     
  0.32668158648403200       0.46999999999999997     
  0.32668158648403200       0.46999999999999997     
  0.47612717602921117       0.46999999999999997     
  0.47612717602921117       0.46999999999999997     
  0.66660890435185560       0.47249999999999998     
  0.66660890435185560       0.47249999999999998     
   4.3881498556579412E-003  0.47249999999999998     
   4.3881498556579412E-003  0.47249999999999998     
   2.1762881092963759E-003  0.47249999999999998     
   2.1762881092963759E-003  0.47249999999999998     
  0.32838450507085259       0.47249999999999998     
  0.32838450507085259       0.47249999999999998     
   5.4593908553166592E-003  0.47249999999999998     
   5.4593908553166592E-003  0.47249999999999998     
  0.33901791561649558       0.47249999999999998     
  0.33901791561649558       0.47249999999999998     
  0.32993911993206482       0.47249999999999998     
  0.32993911993206482       0.47249999999999998     
  0.47323290519957195       0.47249999999999998     
  0.47323290519957195       0.47249999999999998     
  0.66663321209374049       0.47499999999999998     
  0.66663321209374049       0.47499999999999998     
   4.9194514754619389E-003  0.47499999999999998     
   4.9194514754619389E-003  0.47499999999999998     
   5.3455913370449581E-003  0.47499999999999998     
   5.3455913370449581E-003  0.47499999999999998     
  0.33595531703151671       0.47499999999999998     
  0.33595531703151671       0.47499999999999998     
   5.9190309294075982E-003  0.47499999999999998     
   5.9190309294075982E-003  0.47499999999999998     
  0.33513985137008817       0.47499999999999998     
  0.33513985137008817       0.47499999999999998     
  0.33452995455671131       0.47499999999999998     
  0.33452995455671131       0.47499999999999998     
  0.46735139653860769       0.47499999999999998     
  0.46735139653860769       0.47499999999999998     
  0.66659152927649612       0.47749999999999998     
  0.66659152927649612       0.47749999999999998     
   1.1265420454571462E-003  0.47749999999999998     
   1.1265420454571462E-003  0.47749999999999998     
   8.3306160948440344E-004  0.47749999999999998     
   8.3306160948440344E-004  0.47749999999999998     
  0.34179397756259822       0.47749999999999998     
  0.34179397756259822       0.47749999999999998     
   7.9405715546945199E-003  0.47749999999999998     
   7.9405715546945199E-003  0.47749999999999998     
  0.33193413724950283       0.47749999999999998     
  0.33193413724950283       0.47749999999999998     
  0.32905436068181193       0.47749999999999998     
  0.32905436068181193       0.47749999999999998     
  0.46937246892182471       0.47749999999999998     
  0.46937246892182471       0.47749999999999998     
  0.66665788706201634       0.47999999999999998     
  0.66665788706201634       0.47999999999999998     
   6.8458062465978631E-004  0.47999999999999998     
   6.8458062465978631E-004  0.47999999999999998     
   3.4097987784864614E-005  0.47999999999999998     
   3.4097987784864614E-005  0.47999999999999998     
  0.33620547359783559       0.47999999999999998     
  0.33620547359783559       0.47999999999999998     
   2.4992770034633627E-003  0.47999999999999998     
   2.4992770034633627E-003  0.47999999999999998     
  0.33274448774343124       0.47999999999999998     
  0.33274448774343124       0.47999999999999998     
  0.33171486377601278       0.47999999999999998     
  0.33171486377601278       0.47999999999999998     
  0.47092753590332675       0.47999999999999998     
  0.47092753590332675       0.47999999999999998     
  0.66665877471588453       0.48249999999999998     
  0.66665877471588453       0.48249999999999998     
   9.3359547950952471E-004  0.48249999999999998     
   9.3359547950952471E-004  0.48249999999999998     
   2.6758291299741332E-003  0.48249999999999998     
   2.6758291299741332E-003  0.48249999999999998     
  0.33179758498492251       0.48249999999999998     
  0.33179758498492251       0.48249999999999998     
   2.6532355428702248E-003  0.48249999999999998     
   2.6532355428702248E-003  0.48249999999999998     
  0.33176550503306274       0.48249999999999998     
